0 0.5286 -0.5104 -0.7862 0.8066 -0.145 -0.032
1 0.478168 -0.336696 -0.495349 0.570868 -0.00715044 0.252282
2 0.826 -0.5376 -0.0548 0.2228 -0.5286 0.848
3 0.503438 -0.343436 -0.482703 0.56859 -0.00470704 0.222429
4 0.500208 -0.319028 -0.4784 0.590171 -0.00283723 0.221472
5 0.468091 -0.345378 -0.502849 0.580664 -0.0155655 0.228251
6 0.465808 -0.354581 -0.474638 0.598513 -0.0368034 0.215519
7 0.444349 -0.357868 -0.50751 0.601077 -0.0481104 0.221016
8 0.496514 -0.351114 -0.510054 0.580364 -0.0343624 0.208329
9 0.492685 -0.332557 -0.491877 0.573075 -0.0190918 0.197259
10 0.495453 -0.325349 -0.472553 0.581058 -0.02885 0.210854
11 0.536458 -0.328502 -0.470195 0.597346 -0.0309407 0.181291
12 0.549147 -0.346109 -0.480778 0.57769 -0.0587024 0.215309
13 0.561688 -0.337995 -0.48221 0.593237 -0.0590765 0.193805
14 0.548934 -0.340535 -0.484543 0.604849 -0.0839522 0.19717
15 0.538491 -0.324844 -0.499513 0.59678 -0.0986186 0.185922
16 0.561055 -0.363689 -0.467632 0.572002 -0.101492 0.184575
17 0.561865 -0.368673 -0.472708 0.562226 -0.108718 0.170213
18 0.565357 -0.36408 -0.460748 0.566387 -0.121399 0.172832
19 0.57378 -0.350252 -0.482298 0.562049 -0.112748 0.164681
20 0.565078 -0.345419 -0.490669 0.563677 -0.11569 0.151781
21 0.562704 -0.331293 -0.470997 0.554877 -0.0992882 0.153513
22 0.558958 -0.32349 -0.474462 0.560994 -0.115451 0.139717
23 0.581092 -0.354203 -0.473305 0.566464 -0.103545 0.113178
24 0.577675 -0.33745 -0.4663 0.54629 -0.132168 0.139955
25 0.594141 -0.357526 -0.473817 0.556221 -0.148098 0.132779
26 0.57236 -0.367419 -0.465469 0.579992 -0.154096 0.110625
27 0.584906 -0.353875 -0.472921 0.582751 -0.150275 0.0979628
28 0.555232 -0.393041 -0.482951 0.558858 -0.14203 0.126029
29 0.551053 -0.3726 -0.447062 0.567215 -0.153426 0.11386
30 0.514251 -0.377367 -0.449889 0.553456 -0.133299 0.116212
31 0.531317 -0.372127 -0.433095 0.556898 -0.132448 0.0969225
32 0.546655 -0.384089 -0.458098 0.559044 -0.161772 0.0909403
33 0.56592 -0.377415 -0.463221 0.530199 -0.155377 0.0949628
34 0.542156 -0.351777 -0.471139 0.528425 -0.146035 0.0759903
35 0.53119 -0.351348 -0.473509 0.517411 -0.163637 0.0777053
36 0.547335 -0.358667 -0.492798 0.514176 -0.177681 0.0705837
37 0.513933 -0.37154 -0.49291 0.503986 -0.182964 0.0711227
38 0.505192 -0.376842 -0.478432 0.498002 -0.167614 0.0854725
39 0.492505 -0.384446 -0.474082 0.506527 -0.164875 0.0783228
40 0.496989 -0.382427 -0.45945 0.492785 -0.162002 0.0651076
41 0.505216 -0.411336 -0.452698 0.495155 -0.178474 0.0618802
42 0.502036 -0.392906 -0.476701 0.494672 -0.172626 0.0773863
43 0.49995 -0.400023 -0.445202 0.533984 -0.169991 0.0391288
44 0.538152 -0.424496 -0.455544 0.542495 -0.173236 0.0354031
45 0.554421 -0.43569 -0.476767 0.573642 -0.167237 0.0244828
46 0.514686 -0.45385 -0.452463 0.513144 -0.173726 0.0291757
47 0.517727 -0.419728 -0.464314 0.514462 -0.197952 0.026464
48 0.513442 -0.403532 -0.428453 0.533823 -0.199873 0.0175788
49 0.545909 -0.385384 -0.411747 0.538282 -0.214618 0.00626839
50 0.550332 -0.377618 -0.435785 0.52489 -0.207072 0.00103918
51 0.543219 -0.342925 -0.433666 0.55399 -0.192298 0.0202676
52 0.563117 -0.350232 -0.456686 0.557374 -0.203917 0.0435392
53 0.553018 -0.363572 -0.434186 0.544829 -0.205498 0.0426484
54 0.557107 -0.379163 -0.429805 0.531845 -0.219594 0.0463591
55 0.527202 -0.356183 -0.438158 0.521053 -0.220116 0.0531348
56 0.556231 -0.388595 -0.432053 0.537648 -0.224232 0.0357551
57 0.533642 -0.38716 -0.41121 0.517343 -0.221116 0.039066
58 0.523668 -0.377124 -0.434574 0.525069 -0.20932 0.0155097
59 0.506173 -0.375298 -0.428838 0.518067 -0.230291 0.00892055
60 0.525204 -0.376202 -0.43284 0.523715 -0.205782 0.00810763
61 0.534694 -0.361813 -0.441565 0.546086 -0.213501 0.00341189
62 0.520734 -0.38201 -0.414731 0.520071 -0.205945 0.0114828
63 0.546902 -0.395935 -0.427611 0.538174 -0.221839 0.0103808
64 0.531084 -0.340567 -0.472279 0.521423 -0.218638 0.00326766
65 0.547106 -0.33828 -0.435801 0.503987 -0.235169 0.00826988
66 0.534509 -0.366337 -0.437078 0.491989 -0.243717 0.0056927
67 0.527001 -0.33144 -0.417859 0.507548 -0.253038 0.00676315
68 0.554076 -0.316323 -0.397328 0.504843 -0.274571 0.000237253
69 0.530701 -0.314846 -0.418351 0.523859 -0.291644 0.00699113
70 0.529166 -0.29606 -0.412111 0.500716 -0.301115 0.0303732
71 0.530654 -0.29506 -0.405625 0.497411 -0.311484 0.00635409
72 0.542708 -0.298707 -0.418864 0.498529 -0.303334 0.001113
73 0.515556 -0.288107 -0.372693 0.491166 -0.307058 0.00492127
74 0.510381 -0.278089 -0.394103 0.476297 -0.322128 0.00982547
75 0.517707 -0.262758 -0.376087 0.493817 -0.338439 0.00995557
76 0.533129 -0.25541 -0.366573 0.494777 -0.332955 0.000260803
77 0.522326 -0.239 -0.373532 0.463682 -0.333074 0.0162977
78 0.560559 -0.230856 -0.354187 0.450586 -0.320635 0.00958383
79 0.557618 -0.245101 -0.353789 0.457561 -0.344404 0.00316227
80 0.520656 -0.212175 -0.402965 0.428793 -0.3697 0.0063714
81 0.543583 -0.224275 -0.413933 0.409819 -0.343645 0.00267674
82 0.516259 -0.228184 -0.445328 0.405326 -0.341084 0.00736562
83 0.519486 -0.233892 -0.436399 0.394382 -0.351901 0.00359437
84 0.510287 -0.258656 -0.436742 0.438661 -0.313346 0.0138425
85 0.50737 -0.250872 -0.446015 0.430858 -0.334732 0.0333698
86 0.5034 -0.234211 -0.460787 0.432341 -0.338086 0.00689436
87 0.498884 -0.229088 -0.497003 0.427744 -0.326482 0.0123167
88 0.526196 -0.225926 -0.450268 0.405155 -0.318387 0.0232152
89 0.500845 -0.242611 -0.466886 0.39735 -0.313367 0.00495812
90 0.543813 -0.229436 -0.439226 0.386861 -0.340325 0.013864
91 0.546998 -0.247179 -0.427417 0.391814 -0.365289 0.0240784
92 0.548087 -0.265265 -0.41453 0.425759 -0.361465 0.0168723
93 0.585617 -0.240803 -0.393661 0.424585 -0.364124 0.0122021
94 0.600392 -0.221026 -0.376762 0.405052 -0.363324 0.00818055
95 0.601307 -0.22096 -0.379637 0.397065 -0.387957 0.00636511
96 0.608649 -0.229968 -0.383109 0.397633 -0.340687 0.00604729
97 0.616583 -0.217893 -0.383576 0.361915 -0.353324 0.00525621
98 0.619312 -0.191968 -0.370248 0.346986 -0.33893 0.00949466
99 0.631971 -0.197524 -0.379727 0.342 -0.329561 0.00684062
100 0.632976 -0.2058 -0.359591 0.332806 -0.326627 0.0105622
101 0.60334 -0.208139 -0.341121 0.370842 -0.348771 0.00198758
102 0.60296 -0.200596 -0.356657 0.369117 -0.35373 0.0036766
103 0.608671 -0.206697 -0.334988 0.350573 -0.321607 0.00713546
104 0.619569 -0.224625 -0.308646 0.357564 -0.318043 0.00616327
105 0.631096 -0.217838 -0.308288 0.387156 -0.31833 0.0175737
106 0.622489 -0.230083 -0.333958 0.374731 -0.31577 0.0201158
107 0.595435 -0.209959 -0.32094 0.371323 -0.292759 0.00678622
108 0.59308 -0.227123 -0.324887 0.388067 -0.304322 0.0126111
109 0.60782 -0.218513 -0.314875 0.371188 -0.313236 0.0070025
110 0.610904 -0.206546 -0.313795 0.34258 -0.343457 0.000129177
111 0.590799 -0.207985 -0.341848 0.340414 -0.334626 0.0312873
112 0.604483 -0.239192 -0.354185 0.336454 -0.360231 0.02362
113 0.607098 -0.238883 -0.357322 0.331893 -0.384213 0.0445171
114 0.593306 -0.234561 -0.362595 0.342737 -0.352802 0.0574844
115 0.567358 -0.213236 -0.359087 0.3204 -0.372747 0.0813105
116 0.560173 -0.213163 -0.381592 0.315686 -0.372359 0.0787681
117 0.536108 -0.196361 -0.398393 0.343164 -0.344735 0.0826251
118 0.53986 -0.180506 -0.390502 0.343894 -0.355879 0.0980908
119 0.550811 -0.171028 -0.373015 0.355421 -0.344052 0.0900735
120 0.552941 -0.152785 -0.357101 0.329507 -0.377254 0.0778032
121 0.565223 -0.17257 -0.350413 0.304027 -0.398365 0.0944705
122 0.567993 -0.196795 -0.356813 0.320357 -0.404409 0.0824388
123 0.586551 -0.218009 -0.335762 0.308164 -0.411734 0.0795141
124 0.577281 -0.22679 -0.300183 0.31041 -0.41101 0.0856359
125 0.567125 -0.202525 -0.336899 0.31464 -0.40786 0.0910638
126 0.562436 -0.201933 -0.317544 0.299141 -0.412979 0.0819299
127 0.567201 -0.189385 -0.314947 0.285957 -0.378978 0.0750135
128 0.574167 -0.190811 -0.318422 0.267311 -0.387547 0.0616182
129 0.558993 -0.21478 -0.315659 0.260036 -0.419082 0.0383707
130 0.537874 -0.197469 -0.325972 0.239642 -0.420442 0.0267095
131 0.558186 -0.23139 -0.322274 0.25676 -0.413587 0.0418333
132 0.549438 -0.251984 -0.348281 0.234292 -0.409637 0.0394586
133 0.58141 -0.256661 -0.354293 0.225602 -0.417042 0.0214487
134 0.575175 -0.257637 -0.367481 0.226423 -0.401286 0.0144935
135 0.572343 -0.255192 -0.372719 0.215193 -0.390408 0.00954876
136 0.601437 -0.289604 -0.402 0.235415 -0.38259 0.0175906
137 0.603578 -0.264507 -0.374074 0.238483 -0.386284 0.00818923
138 0.618261 -0.269277 -0.399804 0.234741 -0.404399 0.0104353
139 0.649513 -0.273706 -0.402353 0.204405 -0.394562 0.0205897
140 0.647246 -0.25874 -0.384775 0.196726 -0.415255 0.01397
141 0.667128 -0.277162 -0.397486 0.199112 -0.424751 0.0133696
142 0.647645 -0.268178 -0.416059 0.209531 -0.439842 0.00331311
143 0.628376 -0.259107 -0.389848 0.196357 -0.440573 0.0144158
144 0.630184 -0.274133 -0.40984 0.218786 -0.44009 0.00664576
145 0.607794 -0.250883 -0.40288 0.208516 -0.421585 0.0200184
146 0.604932 -0.258789 -0.402053 0.201663 -0.421811 0.0158601
147 0.614108 -0.268371 -0.383652 0.180404 -0.401368 0.00317041
148 0.62064 -0.273346 -0.389068 0.203369 -0.418838 0.0104475
149 0.605557 -0.262335 -0.369018 0.168003 -0.395936 0.00512142
150 0.608992 -0.259671 -0.36132 0.154156 -0.406926 0.0211815
151 0.603586 -0.267171 -0.361184 0.167271 -0.409927 0.00973111
152 0.608573 -0.247632 -0.392784 0.146595 -0.410901 0.0119159
153 0.623552 -0.233742 -0.410807 0.145722 -0.414664 0.00800214
154 0.64157 -0.261525 -0.421718 0.15433 -0.416601 0.00976054
155 0.62485 -0.277225 -0.434641 0.153129 -0.416738 0.01724
156 0.630055 -0.296036 -0.43661 0.144173 -0.41711 0.0126325
157 0.616018 -0.28909 -0.452475 0.141626 -0.43639 0.00864686
158 0.615157 -0.284798 -0.440516 0.12274 -0.416626 0.00304281
159 0.616444 -0.267931 -0.433987 0.102184 -0.387944 0.00405329
160 0.630769 -0.260413 -0.422885 0.114599 -0.423318 0.0148165
161 0.651331 -0.258617 -0.442741 0.121985 -0.430769 0.00468282
162 0.671673 -0.262641 -0.416494 0.115446 -0.427159 0.00322967
163 0.649894 -0.245329 -0.408632 0.121314 -0.43132 0.00937595
164 0.667551 -0.269284 -0.397569 0.0979474 -0.463889 0.0333291
165 0.641217 -0.268517 -0.396664 0.113086 -0.494116 0.036938
166 0.638617 -0.28248 -0.389353 0.119339 -0.488678 0.0504103
167 0.635052 -0.278187 -0.400486 0.142391 -0.48124 0.0482037
168 0.613985 -0.272667 -0.426607 0.15336 -0.489901 0.0374719
169 0.616144 -0.273718 -0.431908 0.138453 -0.470629 0.0396578
170 0.631243 -0.282201 -0.415822 0.17097 -0.493928 0.0460091
171 0.640528 -0.284622 -0.43764 0.17254 -0.451729 0.00551693
172 0.654669 -0.319982 -0.445343 0.177375 -0.454869 0.00825497
173 0.638606 -0.308684 -0.440748 0.196599 -0.469342 0.00545073
174 0.637797 -0.288996 -0.447583 0.196146 -0.476895 0.00441163
175 0.651277 -0.303958 -0.410899 0.21879 -0.481763 0.0222272
176 0.651623 -0.308846 -0.429174 0.203361 -0.50106 0.0067782
177 0.639971 -0.317631 -0.424617 0.192279 -0.485939 0.00931565
178 0.646493 -0.310405 -0.415758 0.208241 -0.509093 0.0138101
179 0.659854 -0.29606 -0.429368 0.184075 -0.499506 0.00652194
180 0.693574 -0.32099 -0.425189 0.215169 -0.535689 0.0172124
181 0.678505 -0.343125 -0.406616 0.191174 -0.521303 0.0106075
182 0.659699 -0.345906 -0.402196 0.182938 -0.528005 0.00839749
183 0.668826 -0.351105 -0.398131 0.182728 -0.538361 0.00278695
184 0.647154 -0.33984 -0.397203 0.180403 -0.534196 0.0113616
185 0.651394 -0.359078 -0.415147 0.198919 -0.525025 0.0124038
186 0.64454 -0.343282 -0.393272 0.197084 -0.535214 0.0116307
187 0.646382 -0.366434 -0.382748 0.206139 -0.538984 0.0136508
188 0.634032 -0.359782 -0.401739 0.209577 -0.552448 0.0146942
189 0.623269 -0.392636 -0.39848 0.218854 -0.570382 0.0151953
190 0.618988 -0.368687 -0.391266 0.181207 -0.554508 0.0142901
191 0.643828 -0.351185 -0.3972 0.186789 -0.562794 0.0299171
192 0.686717 -0.360153 -0.405632 0.198359 -0.555212 0.00136168
193 0.687477 -0.372288 -0.409053 0.193894 -0.602824 0.0134225
194 0.65212 -0.374485 -0.414855 0.176096 -0.63891 0.0283026
195 0.660254 -0.366073 -0.404512 0.183282 -0.650178 0.00916418
196 0.690971 -0.407681 -0.426678 0.214897 -0.661527 0.0144147
197 0.676262 -0.393335 -0.4122 0.207132 -0.690477 0.0255468
198 0.637042 -0.419072 -0.411799 0.213157 -0.683365 0.000827556
199 0.648826 -0.434132 -0.416193 0.2336 -0.677983 0.00185978
200 0.667505 -0.424855 -0.439734 0.220883 -0.709162 0.0160553
201 0.663418 -0.424251 -0.420455 0.228565 -0.692544 0.0173535
202 0.671814 -0.436056 -0.440906 0.209554 -0.706133 0.00828395
203 0.691621 -0.444482 -0.44108 0.23507 -0.709871 0.0159972
204 0.697993 -0.43602 -0.431459 0.215903 -0.717924 0.00109616
205 0.704003 -0.45069 -0.428744 0.220139 -0.707682 0.0361657
206 0.697779 -0.456928 -0.420398 0.212795 -0.720399 0.0068289
207 0.69891 -0.448647 -0.412388 0.244077 -0.734146 0.000480578
208 0.678224 -0.459388 -0.398688 0.2555 -0.707731 0.0220469
209 0.673147 -0.445755 -0.418533 0.25175 -0.711982 0.0122469
210 0.671503 -0.452226 -0.411694 0.277434 -0.689739 0.0174304
211 0.660074 -0.432012 -0.390296 0.257384 -0.699978 0.010361
212 0.653861 -0.453048 -0.431833 0.263841 -0.671602 0.00879343
213 0.63014 -0.443311 -0.416122 0.260412 -0.662652 0.00964668
214 0.629933 -0.448883 -0.41152 0.294326 -0.630797 0.0175635
215 0.639048 -0.431231 -0.440625 0.323972 -0.65876 0.00675892
216 0.630079 -0.425894 -0.455002 0.337932 -0.680254 0.00848685
217 0.631718 -0.443631 -0.465747 0.305967 -0.67529 0.023331
218 0.643243 -0.436842 -0.500049 0.313904 -0.694499 0.0309715
219 0.649238 -0.44085 -0.525103 0.302857 -0.713244 0.0412246
220 0.656038 -0.433451 -0.54446 0.330746 -0.703305 0.0470125
221 0.638797 -0.451114 -0.542934 0.33602 -0.693895 0.0160222
222 0.631809 -0.455566 -0.553833 0.360865 -0.712283 0.00204794
223 0.64251 -0.471668 -0.542645 0.374966 -0.713004 0.0118239
224 0.665607 -0.47642 -0.539088 0.371204 -0.685821 0.000770295
225 0.640977 -0.497358 -0.54937 0.344948 -0.699666 0.0110121
226 0.622026 -0.499809 -0.539305 0.343978 -0.695097 0.0186371
227 0.624025 -0.504392 -0.556943 0.344772 -0.676532 0.0175213
228 0.611592 -0.498703 -0.535707 0.354439 -0.68311 0.0157612
229 0.654539 -0.544482 -0.498835 0.342911 -0.677274 0.0117445
230 0.655176 -0.547796 -0.49517 0.354289 -0.691167 0.0158941
231 0.66998 -0.562055 -0.485149 0.379773 -0.687294 0.00715216
232 0.657341 -0.551049 -0.488721 0.394934 -0.693776 0.0218267
233 0.638482 -0.561392 -0.499915 0.387811 -0.698164 0.0363638
234 0.639661 -0.565305 -0.487993 0.409697 -0.703238 0.00923028
235 0.644006 -0.573339 -0.483267 0.423479 -0.687677 0.00410297
236 0.665641 -0.581277 -0.477016 0.402831 -0.719192 0.0391742
237 0.660205 -0.569268 -0.494348 0.39202 -0.719222 0.049528
238 0.669701 -0.56641 -0.485873 0.402425 -0.719699 0.0464199
239 0.64873 -0.559632 -0.482054 0.420199 -0.70455 0.0739287
240 0.656428 -0.561914 -0.498103 0.435678 -0.726497 0.0868469
241 0.627677 -0.583696 -0.470327 0.450762 -0.725142 0.0912702
242 0.628755 -0.565409 -0.470511 0.422252 -0.740805 0.0780629
243 0.646152 -0.577008 -0.462743 0.402881 -0.739654 0.053641
244 0.623498 -0.611919 -0.431824 0.413293 -0.714505 0.0646743
245 0.656268 -0.622917 -0.430671 0.410727 -0.690691 0.0441022
246 0.648743 -0.619018 -0.422807 0.417809 -0.69486 0.0387069
247 0.64703 -0.616191 -0.402882 0.405055 -0.671866 0.0526957
248 0.671192 -0.607265 -0.414487 0.368707 -0.642216 0.0576082
249 0.661721 -0.640048 -0.414542 0.385561 -0.657798 0.0353678
250 0.667769 -0.626314 -0.406312 0.374206 -0.651016 0.0443529
251 0.668377 -0.646471 -0.37519 0.377863 -0.673645 0.0476943
252 0.646265 -0.639247 -0.389922 0.352788 -0.641656 0.0526019
253 0.663455 -0.650312 -0.400429 0.346574 -0.626105 0.0544102
254 0.64187 -0.674012 -0.396087 0.369177 -0.640865 0.064613
255 0.633688 -0.672614 -0.407703 0.374194 -0.65087 0.0801189
256 0.618204 -0.66441 -0.39631 0.365128 -0.643966 0.0957217
257 0.62247 -0.666095 -0.38908 0.36324 -0.641936 0.0978684
258 0.621139 -0.671656 -0.400444 0.350673 -0.637485 0.08622
259 0.625205 -0.677791 -0.399657 0.393653 -0.62645 0.0831714
260 0.622574 -0.684766 -0.396284 0.405145 -0.618155 0.092299
261 0.619135 -0.69375 -0.397331 0.396526 -0.604436 0.0619888
262 0.618905 -0.670675 -0.404716 0.40226 -0.633457 0.0498138
263 0.605204 -0.680022 -0.390569 0.377213 -0.632698 0.0331011
264 0.618929 -0.696634 -0.387773 0.403447 -0.638958 0.0361448
265 0.604763 -0.698031 -0.373148 0.435911 -0.641258 0.0326175
266 0.605131 -0.696575 -0.370609 0.43126 -0.648695 0.0453458
267 0.600361 -0.692959 -0.384904 0.431665 -0.674838 0.0387575
268 0.629307 -0.650376 -0.403941 0.456542 -0.678347 0.0465479
269 0.597158 -0.645814 -0.367869 0.444886 -0.672635 0.0300452
270 0.624341 -0.665801 -0.363109 0.447509 -0.686875 0.00414147
271 0.597718 -0.648555 -0.374547 0.448374 -0.669539 0.0123904
272 0.591334 -0.644158 -0.386357 0.495395 -0.675952 0.0117515
273 0.586574 -0.662038 -0.371639 0.483112 -0.656407 0.0332176
274 0.590354 -0.656308 -0.36682 0.483354 -0.63992 0.0194916
275 0.62651 -0.658082 -0.376152 0.47178 -0.641303 0.00354279
276 0.62255 -0.663738 -0.375542 0.462854 -0.66166 0.0106948
277 0.614179 -0.651012 -0.414324 0.448476 -0.659595 0.0188205
278 0.613232 -0.667645 -0.409581 0.468605 -0.683621 0.0102518
279 0.608322 -0.638468 -0.386926 0.461464 -0.679313 0.00607068
280 0.638208 -0.654961 -0.401737 0.449635 -0.653594 0.00165661
281 0.625975 -0.655959 -0.403962 0.459496 -0.670705 0.0137141
282 0.621495 -0.652318 -0.397462 0.460103 -0.667764 0.0131471
283 0.642327 -0.651943 -0.413311 0.477055 -0.667983 0.0167948
284 0.648233 -0.638714 -0.421454 0.500285 -0.686785 0.00986054
285 0.651757 -0.612566 -0.414644 0.515167 -0.652278 0.0227495
286 0.621944 -0.612302 -0.428384 0.507776 -0.641931 0.0249581
287 0.654762 -0.60063 -0.430936 0.532092 -0.643432 0.0186492
288 0.653024 -0.613489 -0.411129 0.518359 -0.647204 0.0274391
289 0.661479 -0.607426 -0.405699 0.513533 -0.633805 0.0114523
290 0.679724 -0.627657 -0.400684 0.484687 -0.619206 0.00670703
291 0.665628 -0.629163 -0.417037 0.488756 -0.614684 0.0253532
292 0.673376 -0.627023 -0.39636 0.480404 -0.613563 0.0416958
293 0.659213 -0.633978 -0.382759 0.48641 -0.607824 0.0256362
294 0.654089 -0.638677 -0.369278 0.50191 -0.617763 0.0446967
295 0.65933 -0.62532 -0.346458 0.508803 -0.608727 0.0352423
296 0.669866 -0.628279 -0.358818 0.474098 -0.609855 0.0439583
297 0.706276 -0.620864 -0.359453 0.499906 -0.630928 0.0550554
298 0.706095 -0.619619 -0.366755 0.502752 -0.625518 0.0470211
299 0.724254 -0.607755 -0.362812 0.493226 -0.612324 0.0479058
300 0.729461 -0.596521 -0.353456 0.477866 -0.635506 0.0156263
301 0.724955 -0.625038 -0.363998 0.478783 -0.640883 0.0122733
302 0.701113 -0.636297 -0.338731 0.509371 -0.674361 0.0246038
303 0.689217 -0.637195 -0.362437 0.516486 -0.666307 0.0120028
304 0.70595 -0.604213 -0.367821 0.500263 -0.664749 0.0184724
305 0.686694 -0.595933 -0.395545 0.53241 -0.675573 0.0416206
306 0.649932 -0.600596 -0.389554 0.510692 -0.680931 0.0403379
307 0.669216 -0.593868 -0.404127 0.511261 -0.657487 0.0300579
308 0.695637 -0.592801 -0.399259 0.481759 -0.681703 0.0440457
309 0.684416 -0.585693 -0.396481 0.490787 -0.684971 0.0279357
310 0.697978 -0.592208 -0.377883 0.503709 -0.694897 0.0134768
311 0.684823 -0.603395 -0.400292 0.479849 -0.679646 0.0155871
312 0.703047 -0.609881 -0.366346 0.518586 -0.687607 0.00737433
313 0.708813 -0.633818 -0.366195 0.517472 -0.667167 0.00781064
314 0.700811 -0.621587 -0.383586 0.485115 -0.669068 0.0167087
315 0.698319 -0.639483 -0.372205 0.475448 -0.651836 0.0253667
316 0.720985 -0.659045 -0.355629 0.488524 -0.639689 0.0166084
317 0.713319 -0.637332 -0.34047 0.485514 -0.638568 0.0241035
318 0.715447 -0.648182 -0.336072 0.491156 -0.644227 0.00700486
319 0.695143 -0.629744 -0.332952 0.468301 -0.65033 0.00773265
320 0.657746 -0.623304 -0.325513 0.499559 -0.657707 0.00197127
321 0.676674 -0.600392 -0.344571 0.502297 -0.660862 0.040565
322 0.663529 -0.598357 -0.320923 0.499625 -0.665371 0.0240907
323 0.653461 -0.609759 -0.359706 0.502851 -0.651015 0.0485582
324 0.680529 -0.633904 -0.33572 0.495616 -0.665121 0.0489559
325 0.672704 -0.609059 -0.32398 0.486927 -0.663813 0.0677635
326 0.668031 -0.589118 -0.354552 0.48993 -0.65122 0.0868417
327 0.657628 -0.568648 -0.36398 0.476617 -0.659606 0.0896872
328 0.655243 -0.570821 -0.366627 0.476076 -0.64234 0.0863554
329 0.648377 -0.582277 -0.34316 0.472217 -0.625533 0.0773568
330 0.64001 -0.572379 -0.351877 0.473609 -0.648901 0.0793693
331 0.649046 -0.552836 -0.338239 0.474093 -0.648659 0.0725551
332 0.63918 -0.555073 -0.334137 0.504367 -0.661478 0.0470666
333 0.650122 -0.56333 -0.316405 0.511222 -0.69612 0.0549789
334 0.641524 -0.56646 -0.340279 0.498211 -0.689104 0.0837591
335 0.668825 -0.547277 -0.356907 0.50478 -0.642323 0.0793475
336 0.666687 -0.546294 -0.341238 0.493646 -0.647154 0.0941902
337 0.674944 -0.522494 -0.363473 0.518593 -0.657884 0.0813815
338 0.66884 -0.5299 -0.3439 0.527928 -0.664367 0.0724476
339 0.666166 -0.516041 -0.361278 0.536788 -0.650721 0.080936
340 0.684807 -0.505988 -0.376475 0.544497 -0.629797 0.0933898
341 0.654485 -0.510635 -0.36643 0.53334 -0.641808 0.0805877
342 0.674439 -0.532293 -0.39103 0.544444 -0.641227 0.0769484
343 0.672528 -0.523572 -0.401409 0.515285 -0.633078 0.0634445
344 0.688127 -0.546122 -0.429954 0.521302 -0.624434 0.0681959
345 0.698805 -0.536122 -0.395811 0.488127 -0.635039 0.0600988
346 0.688164 -0.554078 -0.405614 0.479141 -0.61297 0.0472026
347 0.710181 -0.558717 -0.389316 0.496025 -0.635851 0.0519689
348 0.712625 -0.533283 -0.398051 0.48945 -0.647572 0.0370069
349 0.735216 -0.542264 -0.421514 0.505969 -0.649368 0.0155725
350 0.717193 -0.54925 -0.416278 0.512953 -0.641436 0.0152781
351 0.706421 -0.555257 -0.402215 0.517022 -0.624337 0.0114942
352 0.722553 -0.534594 -0.421295 0.512015 -0.610069 0.0507059
353 0.729876 -0.558822 -0.43097 0.517828 -0.618715 0.0384116
354 0.724257 -0.561381 -0.435944 0.549632 -0.647054 0.0266312
355 0.733497 -0.568223 -0.43239 0.53044 -0.630698 0.0308301
356 0.718804 -0.585313 -0.416941 0.519064 -0.636507 0.00832264
357 0.716234 -0.582762 -0.411486 0.530744 -0.600786 0.0066142
358 0.712201 -0.554664 -0.413596 0.538065 -0.602129 0.026301
359 0.731221 -0.572515 -0.42987 0.535976 -0.560668 0.0374407
360 0.725016 -0.605754 -0.436591 0.54887 -0.572011 0.0388243
361 0.734385 -0.583517 -0.454455 0.560553 -0.557823 0.0385279
362 0.735314 -0.555922 -0.464082 0.569479 -0.556918 0.057869
363 0.730013 -0.57869 -0.484698 0.597084 -0.565275 0.0369247
364 0.738531 -0.596275 -0.469637 0.59268 -0.579152 0.0182756
365 0.717006 -0.62149 -0.465874 0.578435 -0.582259 0.0203569
366 0.728566 -0.59896 -0.473943 0.582044 -0.602012 0.0291635
367 0.699415 -0.579824 -0.466939 0.568662 -0.621156 0.0320344
368 0.673687 -0.592345 -0.467103 0.567203 -0.608789 0.0101528
369 0.707437 -0.577555 -0.460226 0.575503 -0.611734 0.0246204
370 0.703922 -0.602434 -0.457344 0.553521 -0.605103 0.0640974
371 0.708935 -0.588175 -0.460235 0.580094 -0.602262 0.0960026
372 0.704398 -0.584951 -0.464167 0.580054 -0.582708 0.101126
373 0.73274 -0.597614 -0.476836 0.566712 -0.613673 0.0838909
374 0.750027 -0.608795 -0.450893 0.567533 -0.618267 0.056571
375 0.744178 -0.614692 -0.441872 0.57297 -0.63154 0.0483498
376 0.725762 -0.596258 -0.457422 0.589722 -0.648418 0.0671649
377 0.729434 -0.595492 -0.43954 0.584364 -0.605418 0.0599825
378 0.776365 -0.602505 -0.452576 0.609812 -0.607593 0.0775727
379 0.772632 -0.623956 -0.465838 0.611944 -0.629843 0.0526634
380 0.777925 -0.635825 -0.469033 0.600053 -0.644387 0.0701457
381 0.793322 -0.659983 -0.458 0.596465 -0.636113 0.065021
382 0.77513 -0.677138 -0.48112 0.631087 -0.647743 0.032837
383 0.79675 -0.671528 -0.461833 0.622352 -0.622484 0.0531974
384 0.786749 -0.644194 -0.460913 0.621809 -0.60872 0.0677514
385 0.788641 -0.629571 -0.455741 0.644648 -0.609716 0.0587439
386 0.800518 -0.61883 -0.46061 0.607215 -0.576153 0.0556548
387 0.785918 -0.661108 -0.471839 0.612502 -0.595086 0.0783775
388 0.762556 -0.64874 -0.449291 0.580019 -0.600428 0.0653859
389 0.772617 -0.636094 -0.448095 0.596307 -0.567044 0.0892355
390 0.76425 -0.632471 -0.445066 0.601486 -0.598533 0.0878652
391 0.793987 -0.63754 -0.473514 0.595369 -0.583915 0.0935484
392 0.807058 -0.671699 -0.485949 0.611254 -0.57517 0.10054
393 0.827371 -0.673925 -0.489568 0.584065 -0.573722 0.107837
394 0.847081 -0.697994 -0.477283 0.604986 -0.596158 0.0920114
395 0.862987 -0.673601 -0.478314 0.60717 -0.57415 0.0997109
396 0.870516 -0.653518 -0.498951 0.603293 -0.579185 0.0921036
397 0.874086 -0.66947 -0.496746 0.608608 -0.587012 0.0717381
398 0.870464 -0.646229 -0.493002 0.638597 -0.547716 0.0930844
399 0.864891 -0.639284 -0.48154 0.635676 -0.575118 0.057118
400 0.870668 -0.675971 -0.500533 0.640631 -0.575622 0.0493617
401 0.891102 -0.672244 -0.513031 0.624084 -0.57061 0.049759
402 0.893767 -0.642399 -0.50037 0.605353 -0.563947 0.0532143
403 0.868065 -0.644597 -0.492172 0.635844 -0.570206 0.0476962
404 0.865977 -0.646423 -0.480811 0.66164 -0.584971 0.0236648
405 0.855908 -0.635076 -0.503991 0.66287 -0.587359 0.0401593
406 0.865118 -0.645654 -0.500515 0.674257 -0.589009 0.0457981
407 0.865927 -0.64857 -0.508199 0.659265 -0.58989 0.0285602
408 0.83836 -0.653804 -0.518357 0.676235 -0.570985 0.00342286
409 0.827933 -0.66835 -0.512831 0.672427 -0.559206 0.0340405
410 0.82608 -0.662598 -0.497489 0.653612 -0.567348 0.0451234
411 0.849665 -0.656114 -0.508818 0.66638 -0.569299 0.0181877
412 0.853749 -0.663985 -0.528702 0.675849 -0.563028 0.00815747
413 0.8398 -0.658346 -0.531933 0.653117 -0.545903 0.00722814
414 0.846565 -0.64857 -0.516351 0.651121 -0.540924 0.00759344
415 0.829198 -0.656008 -0.526196 0.641626 -0.54914 0.00596428
416 0.852152 -0.625187 -0.550942 0.636903 -0.562816 0.0162793
417 0.832085 -0.645269 -0.534921 0.657218 -0.570152 0.0163279
418 0.824891 -0.639537 -0.529072 0.663416 -0.579772 0.00386311
419 0.789714 -0.667089 -0.522122 0.650667 -0.614728 0.0193923
420 0.799164 -0.676586 -0.528641 0.643324 -0.598404 0.0218663
421 0.803913 -0.683206 -0.503809 0.621368 -0.605056 0.0110537
422 0.814015 -0.695947 -0.508091 0.622234 -0.594508 0.0139327
423 0.831564 -0.717633 -0.482861 0.622919 -0.588489 0.0192724
424 0.795321 -0.702238 -0.480331 0.587932 -0.572627 0.0105966
425 0.810019 -0.728636 -0.4846 0.584604 -0.606711 0.00427424
426 0.805951 -0.743628 -0.468664 0.594912 -0.577453 0.020102
427 0.803787 -0.723802 -0.475809 0.593122 -0.571075 0.0149289
428 0.824477 -0.746225 -0.49205 0.593714 -0.601823 0.00786131
429 0.82326 -0.723241 -0.471274 0.570763 -0.601261 0.0101431
430 0.821408 -0.733881 -0.481064 0.589452 -0.602832 0.0101508
431 0.826803 -0.730635 -0.471367 0.599406 -0.609281 0.00680301
432 0.831511 -0.716511 -0.472485 0.596419 -0.624234 0.00501512
433 0.818747 -0.708796 -0.492802 0.611986 -0.590487 0.0362868
434 0.812494 -0.71568 -0.50374 0.603512 -0.587607 0.0213752
435 0.80748 -0.721947 -0.496067 0.625418 -0.578354 0.0130994
436 0.794684 -0.701479 -0.495114 0.611923 -0.57351 0.0120887
437 0.814735 -0.700691 -0.500481 0.603514 -0.601317 0.0266178
438 0.811539 -0.716463 -0.503211 0.625713 -0.59769 0.0448555
439 0.796841 -0.714851 -0.515368 0.599525 -0.601929 0.0377755
440 0.802604 -0.740498 -0.527011 0.596377 -0.578761 0.032143
441 0.800577 -0.742697 -0.531832 0.589465 -0.592237 0.0200749
442 0.800759 -0.742706 -0.532974 0.58979 -0.590793 0.0182534
443 0.812803 -0.725333 -0.552848 0.559855 -0.566873 0.0108263
444 0.807815 -0.719255 -0.578196 0.557673 -0.573636 0.0133107
445 0.785647 -0.736259 -0.601665 0.556534 -0.580154 0.0144812
446 0.751811 -0.704523 -0.577022 0.588474 -0.54559 0.0123823
447 0.769298 -0.693594 -0.581327 0.591584 -0.551019 0.0296698
448 0.783328 -0.690277 -0.5777 0.604954 -0.535913 0.0081289
449 0.772932 -0.670827 -0.573751 0.585995 -0.544089 0.0232809
450 0.787674 -0.650328 -0.554087 0.549105 -0.552058 0.00210572
451 0.783507 -0.643754 -0.552857 0.576313 -0.587765 0.0128336
452 0.768651 -0.62871 -0.549601 0.56676 -0.579604 0.00232123
453 0.76373 -0.644569 -0.53507 0.592679 -0.581864 0.0280277
454 0.757651 -0.643225 -0.517758 0.597977 -0.576531 0.0136192
455 0.751486 -0.622401 -0.541621 0.588708 -0.562903 0.0126689
456 0.794736 -0.591946 -0.515963 0.573217 -0.539223 0.00892141
457 0.791066 -0.587564 -0.528557 0.565626 -0.528309 0.0188477
458 0.789265 -0.610972 -0.548201 0.560133 -0.511803 0.0104673
459 0.762232 -0.60947 -0.558774 0.55167 -0.530904 0.0220741
460 0.76599 -0.607322 -0.556437 0.563063 -0.514486 0.0260201
461 0.776233 -0.604481 -0.559939 0.550499 -0.510852 0.0158491
462 0.79211 -0.619165 -0.530856 0.5519 -0.49661 0.0164918
463 0.811621 -0.605945 -0.543326 0.556662 -0.516484 0.00619905
464 0.80652 -0.589187 -0.534313 0.559 -0.494906 0.00667109
465 0.797663 -0.603203 -0.524036 0.568124 -0.508134 0.00617106
466 0.790623 -0.603297 -0.534559 0.55546 -0.517148 0.0241116
467 0.785573 -0.611631 -0.541541 0.550749 -0.51124 0.0132324
468 0.796161 -0.604039 -0.531283 0.564073 -0.526056 0.0201207
469 0.7789 -0.593335 -0.526432 0.551428 -0.510378 0.0138105
470 0.786426 -0.58969 -0.524632 0.542783 -0.532906 0.026249
471 0.796836 -0.61224 -0.509456 0.558885 -0.524936 0.032522
472 0.799834 -0.598398 -0.525452 0.583514 -0.549122 0.0238558
473 0.791171 -0.563219 -0.535235 0.583997 -0.553453 0.0146591
474 0.795689 -0.575876 -0.527665 0.613731 -0.554515 0.0045844
475 0.79267 -0.543518 -0.53321 0.575702 -0.557174 0.00850709
476 0.819999 -0.568025 -0.524134 0.587434 -0.539592 0.00329521
477 0.844137 -0.583059 -0.513849 0.581924 -0.550539 0.0147802
478 0.835936 -0.550381 -0.514551 0.604222 -0.567974 0.012163
479 0.834556 -0.52941 -0.502464 0.632024 -0.533231 0.016492
480 0.832461 -0.513044 -0.488263 0.625064 -0.551154 0.00422061
481 0.852582 -0.532132 -0.494226 0.61083 -0.543152 0.0152945
482 0.855019 -0.535213 -0.496988 0.613612 -0.51554 0.0098333
483 0.866614 -0.520162 -0.48537 0.593203 -0.54748 0.00986965
484 0.87904 -0.52667 -0.472655 0.581511 -0.515897 0.025643
485 0.880098 -0.531555 -0.498851 0.542019 -0.517233 0.0153135
486 0.882026 -0.541904 -0.514085 0.562742 -0.508767 0.0241745
487 0.87558 -0.565381 -0.505613 0.564418 -0.526818 0.0267803
488 0.907374 -0.556479 -0.536955 0.556322 -0.529907 0.00338221
489 0.917028 -0.588871 -0.529818 0.588231 -0.526785 0.0166422
490 0.902009 -0.570662 -0.540025 0.589012 -0.519688 0.0118171
491 0.898337 -0.587378 -0.557105 0.609452 -0.524084 0.0237632
492 0.888278 -0.569996 -0.557382 0.598777 -0.505101 0.0225226
493 0.894018 -0.598447 -0.574699 0.61188 -0.509548 0.00599522
494 0.905023 -0.599179 -0.563573 0.621365 -0.508114 0.0167842
495 0.883656 -0.593228 -0.518185 0.623139 -0.499715 0.0144649
496 0.891589 -0.587139 -0.51321 0.621539 -0.499994 0.0183494
497 0.85269 -0.620913 -0.52096 0.619218 -0.528326 0.0342626
498 0.867402 -0.629683 -0.510803 0.619139 -0.535802 0.0119559
499 0.853479 -0.60103 -0.492428 0.619039 -0.506304 0.0201354
500 0.854318 -0.58684 -0.500744 0.619283 -0.525014 0.00612614
501 0.834771 -0.587154 -0.506927 0.635729 -0.523505 0.00255401
502 0.845666 -0.543342 -0.518195 0.645357 -0.53073 0.0102056
503 0.839094 -0.549671 -0.50101 0.643314 -0.553862 0.00573875
504 0.851499 -0.552169 -0.516425 0.621157 -0.538708 0.00738705
505 0.872209 -0.541506 -0.512346 0.648036 -0.557353 0.0201295
506 0.848193 -0.530377 -0.535766 0.612092 -0.550794 0.00535703
507 0.882793 -0.554335 -0.544435 0.612211 -0.542432 0.0423037
508 0.866385 -0.543367 -0.528826 0.609607 -0.503772 0.0108486
509 0.893543 -0.557134 -0.518923 0.585556 -0.528397 0.0198539
510 0.904139 -0.546621 -0.51178 0.590662 -0.543124 0.00241767
511 0.929194 -0.549368 -0.537042 0.599401 -0.551533 0.012079
512 0.920198 -0.554048 -0.534059 0.599494 -0.547288 0.00804026
513 0.924638 -0.565417 -0.540434 0.633885 -0.576776 -0.0090751
514 0.943873 -0.569093 -0.525574 0.636032 -0.565445 0.0010621
515 0.929814 -0.588619 -0.521873 0.623706 -0.568868 0.00401493
516 0.93544 -0.597579 -0.489437 0.609517 -0.55027 0.0231465
517 0.937487 -0.563441 -0.494453 0.594024 -0.558668 0.0101789
518 0.925814 -0.568645 -0.500433 0.61909 -0.55409 0.0130001
519 0.912688 -0.553184 -0.521735 0.616191 -0.548469 0.0404989
520 0.937678 -0.563571 -0.51377 0.617954 -0.544476 0.016271
521 0.932947 -0.575103 -0.515681 0.631078 -0.546163 0.0205161
522 0.940241 -0.539415 -0.520523 0.600543 -0.533368 0.0393993
523 0.93237 -0.541098 -0.514669 0.60977 -0.547734 0.0276786
524 0.926756 -0.53329 -0.525685 0.613157 -0.559007 0.0143162
525 0.911034 -0.537848 -0.508738 0.610156 -0.565587 0.0284367
526 0.902313 -0.523999 -0.510585 0.624076 -0.587592 0.012047
527 0.901101 -0.530691 -0.493828 0.617608 -0.58815 0.00825047
528 0.912888 -0.527205 -0.504285 0.605586 -0.584659 0.0164435
529 0.921013 -0.533847 -0.511264 0.617428 -0.574793 0.0118956
530 0.902245 -0.51221 -0.524486 0.618004 -0.554983 0.0026224
531 0.904131 -0.499308 -0.539563 0.599174 -0.551818 0.0387016
532 0.882366 -0.506126 -0.53284 0.609811 -0.589746 0.00849343
533 0.888275 -0.506967 -0.537496 0.599755 -0.58229 0.0175623
534 0.88895 -0.513965 -0.547398 0.593624 -0.576384 0.0150684
535 0.900123 -0.483755 -0.574993 0.579039 -0.567725 0.0111215
536 0.927634 -0.49045 -0.551264 0.597105 -0.563217 0.010001
537 0.914045 -0.529907 -0.574618 0.594509 -0.587214 0.0119083
538 0.912739 -0.506843 -0.57785 0.588217 -0.587087 0.00379721
539 0.922639 -0.489198 -0.57084 0.600179 -0.585911 0.026252
540 0.950541 -0.486798 -0.562974 0.604452 -0.602306 0.0252069
541 0.954283 -0.494259 -0.557498 0.61746 -0.593589 0.00344048
542 0.943759 -0.467376 -0.557136 0.598883 -0.578581 0.0412374
543 0.951943 -0.463649 -0.551143 0.622883 -0.597714 0.0251066
544 0.942451 -0.45561 -0.545405 0.593576 -0.573443 0.0127258
545 0.94642 -0.444957 -0.556234 0.609906 -0.613739 0.0170913
546 0.937778 -0.440789 -0.569996 0.612679 -0.610168 0.0213714
547 0.94239 -0.45605 -0.591689 0.596992 -0.604482 0.00975679
548 0.953434 -0.440335 -0.59906 0.596652 -0.644937 0.00703929
549 0.962659 -0.436777 -0.624095 0.592237 -0.623448 0.0137324
550 0.956766 -0.429011 -0.614106 0.593993 -0.594127 0.0167045
551 0.964895 -0.388727 -0.608799 0.597661 -0.620219 0.00653035
552 0.957561 -0.356734 -0.615705 0.596295 -0.591643 0.0226143
553 0.967973 -0.341293 -0.588762 0.596772 -0.63324 0.0235778
554 0.977468 -0.337651 -0.620555 0.613626 -0.606259 0.000200106
555 0.977447 -0.342845 -0.646524 0.579386 -0.612902 0.00954155
556 0.96544 -0.3295 -0.643086 0.579288 -0.606147 0.0243977
557 0.961977 -0.337136 -0.651769 0.591946 -0.595012 0.00820329
558 0.953741 -0.341358 -0.644198 0.576977 -0.599032 0.00934238
559 0.981688 -0.362072 -0.665208 0.577158 -0.620515 0.0130741
560 0.994568 -0.349821 -0.666134 0.592051 -0.628737 0.0113522
561 0.981806 -0.355125 -0.663857 0.592862 -0.621338 0.0184191
562 0.992256 -0.363469 -0.681229 0.571941 -0.63314 0.012362
563 0.98809 -0.34691 -0.674035 0.528621 -0.609708 0.0210043
564 0.99495 -0.352125 -0.656911 0.55113 -0.598213 0.0161104
565 0.960458 -0.345419 -0.656771 0.561604 -0.613356 0.031311
566 0.976159 -0.35808 -0.672083 0.565147 -0.619311 0.0173679
567 0.971165 -0.346214 -0.674359 0.54842 -0.624153 0.0231957
568 0.965182 -0.349199 -0.675332 0.523166 -0.655946 0.0165287
569 0.977189 -0.353877 -0.675854 0.554078 -0.64005 0.0148649
570 0.972224 -0.349297 -0.69161 0.550154 -0.642284 0.00560817
571 0.950241 -0.312802 -0.670531 0.555911 -0.6776 0.0171256
572 0.94473 -0.309727 -0.686147 0.579971 -0.659161 0.0111733
573 0.959874 -0.298331 -0.686507 0.573641 -0.653031 0.00272822
574 0.980034 -0.310977 -0.658356 0.559415 -0.644785 0.017257
575 0.995078 -0.306967 -0.674469 0.550453 -0.653715 0.00909699
576 0.982023 -0.294425 -0.674218 0.506128 -0.677565 0.0178209
577 0.973148 -0.308368 -0.664027 0.521868 -0.676997 0.00964639
578 0.991703 -0.311602 -0.672545 0.520592 -0.675166 0.0136463
579 0.979068 -0.294537 -0.665644 0.531646 -0.691154 0.0126977
580 0.99179 -0.319257 -0.642597 0.551104 -0.693699 -0.00566335
581 0.99627 -0.345634 -0.661079 0.559283 -0.714471 0.00673954
582 0.986148 -0.358248 -0.655156 0.568015 -0.708297 0.0193301
583 0.982342 -0.359921 -0.640737 0.572132 -0.721817 0.00565738
584 0.975987 -0.337888 -0.619948 0.568917 -0.718945 0.0163969
585 0.958813 -0.341564 -0.610889 0.576823 -0.724354 0.0218188
586 0.956135 -0.383611 -0.625614 0.553959 -0.707116 0.0237451
587 0.930649 -0.360338 -0.59822 0.546459 -0.707507 0.0273454
588 0.901182 -0.359664 -0.605043 0.579387 -0.686879 0.0527158
589 0.923373 -0.352322 -0.611283 0.560278 -0.725287 0.0336967
590 0.91458 -0.38628 -0.628221 0.565523 -0.726751 0.037806
591 0.912255 -0.371809 -0.648236 0.556661 -0.756911 0.0328133
592 0.902336 -0.355259 -0.65934 0.535878 -0.740442 0.0447475
593 0.945853 -0.362192 -0.644079 0.516663 -0.745559 0.0464933
594 0.911293 -0.363245 -0.629458 0.517189 -0.773223 0.00234422
595 0.901169 -0.35367 -0.63527 0.521421 -0.766562 0.00923461
596 0.883817 -0.374045 -0.623376 0.506302 -0.750682 0.0194871
597 0.874967 -0.373223 -0.599453 0.51643 -0.752647 0.02054
598 0.890808 -0.364729 -0.600192 0.522393 -0.76617 0.02335
599 0.903417 -0.390549 -0.589844 0.520846 -0.748521 0.0234975
600 0.917108 -0.357092 -0.55279 0.513874 -0.732246 0.0312058
601 0.917254 -0.345409 -0.561615 0.513743 -0.74024 0.0390406
602 0.918812 -0.354361 -0.55127 0.540337 -0.714422 0.0494829
603 0.945374 -0.346484 -0.558891 0.555568 -0.71131 0.0538671
604 0.947285 -0.331432 -0.543016 0.526384 -0.728641 0.0511142
605 0.939628 -0.311472 -0.527191 0.532004 -0.723876 0.0343992
606 0.942767 -0.324835 -0.513537 0.510629 -0.714079 0.038062
607 0.916433 -0.303644 -0.528526 0.508082 -0.70751 0.0426535
608 0.910389 -0.313253 -0.505569 0.509701 -0.693413 0.0439013
609 0.918047 -0.327365 -0.519542 0.519973 -0.712667 0.0314318
610 0.950112 -0.31586 -0.546491 0.528029 -0.72234 0.0517529
611 0.914342 -0.328005 -0.508859 0.523507 -0.702176 0.0204226
612 0.913798 -0.332337 -0.524392 0.513776 -0.706948 0.0167174
613 0.928893 -0.306994 -0.49487 0.492042 -0.705394 0.0209404
614 0.897684 -0.302068 -0.500981 0.478724 -0.716515 0.00498669
615 0.887721 -0.320882 -0.485273 0.441074 -0.715571 0.0139279
616 0.878731 -0.304036 -0.480476 0.453494 -0.719325 0.0309428
617 0.882525 -0.321899 -0.462561 0.470163 -0.74031 0.020329
618 0.900087 -0.339576 -0.447451 0.448686 -0.723996 0.0216042
619 0.872756 -0.323867 -0.461176 0.443948 -0.731723 0.015583
620 0.866715 -0.335142 -0.480493 0.436437 -0.750701 0.0141631
621 0.861635 -0.32231 -0.482474 0.413136 -0.738407 0.0193571
622 0.849229 -0.313164 -0.456296 0.42314 -0.741858 0.031547
623 0.861831 -0.322847 -0.458869 0.429117 -0.741786 0.044535
624 0.846067 -0.303207 -0.452077 0.429291 -0.730852 0.0358656
625 0.827388 -0.330486 -0.423505 0.410321 -0.725851 0.0240924
626 0.844392 -0.310572 -0.416913 0.424142 -0.738002 0.0196441
627 0.828049 -0.291059 -0.425957 0.417589 -0.734277 0.0294715
628 0.837742 -0.293718 -0.431236 0.411181 -0.738056 0.00362911
629 0.819578 -0.276765 -0.385356 0.391714 -0.725533 0.0102277
630 0.819775 -0.328678 -0.375721 0.367297 -0.718576 0.0138476
631 0.7924 -0.305887 -0.371995 0.379396 -0.715103 0.0219359
632 0.802169 -0.316131 -0.382296 0.403742 -0.710769 0.00138256
633 0.776946 -0.31935 -0.361098 0.405723 -0.713282 0.0364339
634 0.754479 -0.314145 -0.360713 0.386437 -0.704228 0.0115876
635 0.763642 -0.305038 -0.344534 0.385466 -0.716038 0.00386227
636 0.768143 -0.310628 -0.336682 0.397862 -0.712137 0.00770149
637 0.769942 -0.297292 -0.398517 0.379447 -0.695599 0.013185
638 0.775154 -0.312045 -0.391068 0.388828 -0.701669 0.0167065
639 0.776586 -0.316241 -0.37612 0.379218 -0.691307 0.00240265
640 0.782595 -0.318449 -0.369115 0.366455 -0.71183 0.0280183
641 0.801222 -0.302289 -0.3567 0.355226 -0.705693 0.0189866
642 0.780697 -0.314492 -0.360816 0.36538 -0.724672 0.00872674
643 0.747741 -0.320927 -0.357269 0.386712 -0.746897 0.0103898
644 0.766117 -0.322402 -0.355502 0.396185 -0.759737 0.0315556
645 0.763159 -0.315497 -0.334611 0.393213 -0.763643 0.0137663
646 0.75325 -0.291379 -0.339404 0.361686 -0.780453 0.0173904
647 0.736854 -0.313689 -0.343883 0.35744 -0.783899 0.0163203
648 0.749347 -0.313329 -0.349203 0.361749 -0.811915 0.00976882
649 0.726137 -0.292265 -0.379384 0.401359 -0.827402 0.0170146
650 0.743546 -0.29616 -0.401216 0.405313 -0.827491 0.0269444
651 0.732144 -0.306299 -0.392534 0.405769 -0.791901 0.0434036
652 0.726383 -0.30608 -0.379816 0.397689 -0.793504 0.0488524
653 0.75813 -0.290093 -0.383311 0.383415 -0.81945 0.0318931
654 0.719533 -0.301416 -0.386755 0.399269 -0.840913 0.0434834
655 0.714014 -0.322806 -0.414604 0.373122 -0.848063 0.0228406
656 0.722916 -0.324976 -0.422727 0.398413 -0.850716 0.0256806
657 0.708425 -0.321645 -0.401506 0.387324 -0.86881 0.04432
658 0.710082 -0.320097 -0.405202 0.39419 -0.858387 0.027331
659 0.700134 -0.320505 -0.388658 0.372723 -0.890251 0.0169135
660 0.707449 -0.3438 -0.362769 0.372421 -0.915911 0.0104278
661 0.691283 -0.327031 -0.363016 0.380055 -0.921404 0.0175393
662 0.700059 -0.348117 -0.364436 0.356633 -0.915037 0.0196583
663 0.683179 -0.352257 -0.361151 0.386438 -0.92324 0.0106011
664 0.66804 -0.340522 -0.3725 0.368287 -0.915401 0.0192106
665 0.680032 -0.348637 -0.329945 0.362799 -0.918724 0.0295047
666 0.677991 -0.364398 -0.311872 0.361199 -0.927724 0.0321142
667 0.676795 -0.371657 -0.295975 0.383978 -0.937064 0.0161429
668 0.696667 -0.378648 -0.306629 0.366727 -0.929922 0.0310572
669 0.708443 -0.353761 -0.29739 0.390681 -0.945446 0.0093178
670 0.703421 -0.368923 -0.314628 0.393706 -0.945372 0.0247875
671 0.688639 -0.362285 -0.303198 0.398173 -0.94785 0.0038462
672 0.675679 -0.352064 -0.301356 0.403798 -0.941059 0.0268314
673 0.686991 -0.375404 -0.301805 0.37886 -0.934627 0.0150353
674 0.675492 -0.3991 -0.310789 0.375755 -0.924396 0.0365875
675 0.687393 -0.405447 -0.2892 0.356099 -0.937666 0.0134063
676 0.681649 -0.402591 -0.314076 0.361676 -0.943718 0.023342
677 0.699734 -0.408594 -0.288372 0.352739 -0.957138 0.0296399
678 0.68207 -0.398354 -0.289641 0.360261 -0.95114 0.00971594
679 0.693984 -0.414991 -0.284547 0.360444 -0.93398 0.0292995
