0 -0.0672 -0.06 0.4828 0.2082 -0.6522 0.6416
1 -0.0306814 0.200161 0.188244 0.0324412 -0.0474863 0.173176
2 -0.4938 -0.421 -0.325 -0.2552 0.88 -0.7058
3 -0.0255483 0.22104 0.182941 0.0433769 -0.00891398 0.200904
4 -0.0339368 0.228277 0.149128 0.0330477 -0.0288482 0.209637
5 -0.00951563 0.200417 0.174723 0.0484682 -0.0349651 0.221709
6 -0.0128894 0.213513 0.153104 0.0549112 -0.0569859 0.230353
7 -0.0263899 0.198661 0.161587 0.0404136 -0.10013 0.21735
8 -0.020225 0.240879 0.140748 0.0309149 -0.117362 0.206415
9 -0.0322876 0.246708 0.180077 0.0444998 -0.152511 0.196962
10 -0.0713873 0.230927 0.160216 0.0678581 -0.158816 0.224286
11 -0.0590832 0.240749 0.140669 0.054714 -0.146052 0.266297
12 -0.0550459 0.235445 0.135424 0.0574903 -0.120164 0.293312
13 -0.0404488 0.252252 0.154409 0.0554246 -0.0948089 0.285086
14 -0.0332718 0.260781 0.163317 0.0560568 -0.0999286 0.285527
15 0.00158949 0.25992 0.169174 0.040462 -0.111593 0.29303
16 0.00163043 0.259622 0.183528 0.0188076 -0.113462 0.287193
17 0.00143485 0.25418 0.185677 0.0417817 -0.0873709 0.316261
18 -0.00202033 0.276072 0.163483 0.021824 -0.0886449 0.302988
19 -0.00323825 0.294124 0.158979 0.022449 -0.0686479 0.308245
20 0.0257836 0.283999 0.188764 0.0185629 -0.0782549 0.335766
21 0.0267484 0.276496 0.173556 0.02207 -0.0890163 0.329609
22 0.0357049 0.266539 0.178783 0.0140423 -0.106221 0.318942
23 0.0290464 0.274486 0.153244 -0.0117519 -0.119508 0.328634
24 0.0487896 0.265632 0.140234 -0.0138589 -0.0901912 0.346646
25 0.0587211 0.246183 0.14291 -0.0544055 -0.129569 0.315637
26 0.0579693 0.290461 0.138192 -0.0557107 -0.121773 0.31772
27 0.047948 0.308178 0.125304 -0.0364974 -0.124845 0.305321
28 0.0249694 0.325741 0.133771 -0.0597913 -0.115695 0.319048
29 0.0453984 0.31185 0.14211 -0.068869 -0.145188 0.31656
30 0.0488575 0.31119 0.152051 -0.0838932 -0.163264 0.306463
31 0.036367 0.306008 0.138229 -0.0541142 -0.131738 0.292726
32 0.0535313 0.315189 0.154369 -0.0664042 -0.137083 0.275115
33 0.0677796 0.313288 0.159582 -0.110144 -0.161356 0.284176
34 0.0455161 0.31479 0.177549 -0.0687757 -0.133663 0.283085
35 0.0685332 0.339042 0.165742 -0.0648342 -0.172821 0.291552
36 0.0541227 0.318801 0.13385 -0.0549268 -0.185858 0.281156
37 0.051785 0.299931 0.151073 -0.0259353 -0.172531 0.314933
38 0.0888495 0.290432 0.113964 -0.0438732 -0.169375 0.299417
39 0.0915753 0.283855 0.122926 -0.0607865 -0.182752 0.289865
40 0.106518 0.285373 0.120373 -0.0616901 -0.177452 0.290266
41 0.0987219 0.285307 0.140689 -0.0497135 -0.167771 0.309936
42 0.104108 0.279693 0.129221 -0.0430562 -0.15135 0.328253
43 0.122672 0.27972 0.135899 -0.0485331 -0.168479 0.334886
44 0.0934729 0.299865 0.133345 -0.02796 -0.183116 0.322469
45 0.0852927 0.315306 0.14094 -0.0442216 -0.179219 0.30563
46 0.0732358 0.333083 0.123233 -0.0264021 -0.163541 0.360112
47 0.092618 0.312986 0.12245 -0.0368271 -0.171212 0.356603
48 0.0584695 0.332253 0.118671 -0.0386626 -0.159543 0.362837
49 0.0620052 0.320875 0.143312 -0.0291253 -0.169806 0.355185
50 0.0740037 0.31075 0.126217 -0.0198945 -0.16508 0.347868
51 0.0601052 0.328652 0.128287 -0.0143168 -0.166627 0.366888
52 0.077795 0.338412 0.130329 -0.00267865 -0.144844 0.376798
53 0.0588307 0.356302 0.125069 0.00876875 -0.133621 0.392617
54 0.0521036 0.368773 0.121364 0.00500986 -0.117681 0.375914
55 0.0532862 0.360009 0.0879853 0.00123296 -0.0983277 0.37218
56 0.0451453 0.360242 0.0837598 0.00909022 -0.0889441 0.381297
57 0.047561 0.332958 0.102309 0.00979196 -0.067302 0.396875
58 0.0550859 0.332214 0.0765687 -0.00973408 -0.0672616 0.367876
59 0.0479663 0.325499 0.118291 -0.021139 -0.0597241 0.365092
60 0.04 0.310017 0.0993625 -0.0186349 -0.0697297 0.376119
61 0.0469198 0.308981 0.128525 0.00583239 -0.0592352 0.360111
62 0.0356744 0.322622 0.105301 -0.00363445 -0.0716422 0.36462
63 0.0325108 0.344556 0.103358 -0.0176146 -0.0705623 0.359452
64 0.0265673 0.339581 0.112273 -0.0182421 -0.0731328 0.359834
65 0.00803951 0.330193 0.105953 0.0017213 -0.0867241 0.375103
66 0.00175785 0.33087 0.104338 -0.01093 -0.0871861 0.362185
67 -0.0100745 0.335925 0.0877643 -0.0122372 -0.105146 0.371137
68 0.00632544 0.316272 0.096972 -0.0109117 -0.0905183 0.348438
69 -0.024658 0.30908 0.0914466 0.0127353 -0.105713 0.319845
70 -0.0086824 0.303931 0.0644102 -0.0158753 -0.120844 0.321134
71 0.0128752 0.30365 0.0843991 -0.00284678 -0.13416 0.320016
72 -0.000238056 0.293702 0.0999408 0.0130215 -0.117526 0.328409
73 -0.00385851 0.275091 0.0945705 -0.022976 -0.122878 0.330736
74 -0.0154038 0.274407 0.0666005 -0.0237681 -0.140782 0.321726
75 -0.0158879 0.241265 0.0497381 -0.0373933 -0.15286 0.321542
76 -0.0139449 0.249254 0.0444646 -0.0275792 -0.148416 0.323417
77 -0.033603 0.260199 0.051356 -0.033085 -0.167497 0.325521
78 -0.013843 0.27579 0.0495445 -0.0614037 -0.172254 0.321583
79 -0.0127304 0.251275 0.074878 -0.0640993 -0.159382 0.330373
80 -0.00706006 0.291618 0.124278 -0.0298395 -0.150991 0.330657
81 -0.0061851 0.302057 0.106446 -0.0196894 -0.151844 0.35375
82 0.00103406 0.312333 0.102851 -0.0330907 -0.161939 0.359806
83 -0.00638882 0.318643 0.0983018 -1.16349e-05 -0.150759 0.348248
84 -0.00866097 0.336569 0.107133 0.00299432 -0.114517 0.345516
85 0.00377315 0.373505 0.113406 -0.0119836 -0.134547 0.330768
86 -0.0016301 0.341274 0.140666 -0.0222227 -0.136736 0.333339
87 -0.00391041 0.34177 0.138785 -0.0198104 -0.139658 0.322704
88 0.00912574 0.32476 0.121633 -0.0448167 -0.152021 0.316383
89 0.0257834 0.309171 0.124295 -0.0483006 -0.142566 0.310598
90 0.0441264 0.327973 0.107265 -0.05107 -0.127325 0.324864
91 0.0101655 0.331334 0.127399 -0.0559344 -0.127141 0.324274
92 0.0028558 0.335186 0.123334 -0.0639744 -0.162251 0.340581
93 0.000996547 0.342734 0.10815 -0.0718815 -0.149007 0.346012
94 -0.017471 0.339184 0.108456 -0.0876139 -0.14085 0.363755
95 -0.041081 0.33879 0.128834 -0.10289 -0.145548 0.354296
96 -0.0542865 0.312868 0.142899 -0.0682309 -0.141831 0.37121
97 -0.0696646 0.32492 0.117249 -0.0699142 -0.13943 0.362196
98 -0.0424374 0.33881 0.126381 -0.0825744 -0.163905 0.344144
99 -0.0431803 0.327122 0.140832 -0.0755881 -0.1451 0.338666
100 -0.0447183 0.346909 0.118783 -0.0848237 -0.144235 0.352522
101 -0.0204437 0.356818 0.139153 -0.0830818 -0.1581 0.356992
102 -0.0385973 0.363535 0.138022 -0.0743599 -0.14888 0.361776
103 -0.0316892 0.359795 0.0849831 -0.0685282 -0.168702 0.373327
104 -0.0252432 0.357851 0.0844472 -0.0804284 -0.17194 0.356075
105 -0.023312 0.359006 0.0758409 -0.0846813 -0.16061 0.369776
106 0.00186247 0.381773 0.0869352 -0.0771458 -0.167397 0.408458
107 -0.00647698 0.375283 0.0840754 -0.0807775 -0.164571 0.412302
108 0.000680543 0.375331 0.0704445 -0.0905501 -0.173473 0.431602
109 -0.00926477 0.378192 0.0484795 -0.0763439 -0.191962 0.445461
110 -0.0262683 0.403281 0.0495138 -0.0869726 -0.177204 0.457826
111 -0.00832368 0.399395 0.0339188 -0.0923818 -0.182484 0.456849
112 -0.022385 0.430922 0.023967 -0.10059 -0.191928 0.457621
113 -0.00593848 0.41637 0.0304908 -0.0907665 -0.197874 0.451703
114 -0.0146351 0.411008 0.0378267 -0.114915 -0.215716 0.450134
115 -0.00524507 0.402509 0.0227745 -0.0823171 -0.190327 0.45764
116 -0.00300983 0.406229 0.0179571 -0.103357 -0.182465 0.447422
117 -0.0102261 0.413466 0.0437865 -0.0931325 -0.187194 0.451124
118 -0.0221188 0.411086 0.0395311 -0.0931562 -0.209027 0.427545
119 -0.006346 0.394348 0.0552341 -0.0830872 -0.18388 0.421396
120 -0.0438977 0.414204 0.0815834 -0.0818568 -0.222812 0.397862
121 -0.0327676 0.436839 0.0640975 -0.0902508 -0.224049 0.384091
122 -0.0540118 0.438171 0.0333302 -0.115537 -0.218904 0.363891
123 -0.0292712 0.44036 0.0467531 -0.116647 -0.19878 0.385943
124 -0.0635449 0.469517 0.017193 -0.119238 -0.194589 0.375029
125 -0.0729791 0.478829 0.0279595 -0.120867 -0.192354 0.389173
126 -0.0757935 0.463557 0.0325496 -0.115131 -0.220114 0.372468
127 -0.057611 0.447943 0.0444115 -0.121398 -0.212128 0.373435
128 -0.0592472 0.427748 0.0703628 -0.0857804 -0.212554 0.368363
129 -0.0590547 0.440423 0.0679583 -0.113932 -0.211921 0.376767
130 -0.0307021 0.430515 0.0837642 -0.103122 -0.207008 0.356906
131 -0.0538669 0.4697 0.0744055 -0.106294 -0.214588 0.343409
132 -0.0135746 0.449913 0.0723731 -0.0997808 -0.226724 0.368957
133 -0.0363661 0.429358 0.0638128 -0.0901563 -0.228636 0.33913
134 -0.0340609 0.440093 0.0925701 -0.0626981 -0.230321 0.351574
135 -0.0383992 0.414768 0.0747154 -0.0783061 -0.251756 0.33334
136 -0.0310559 0.418187 0.0481948 -0.0484989 -0.233575 0.307254
137 -0.0304146 0.418171 0.0743804 -0.0438956 -0.231002 0.323412
138 -0.0443506 0.408701 0.050356 -0.0653571 -0.252458 0.297513
139 -0.0765723 0.381614 0.0552387 -0.0633122 -0.262079 0.287717
140 -0.0905616 0.385332 0.0575756 -0.057604 -0.252119 0.292168
141 -0.0877224 0.38738 0.0445734 -0.0333932 -0.260254 0.305199
142 -0.110722 0.36849 0.0671993 -0.02597 -0.252543 0.303127
143 -0.105907 0.339319 0.0607289 -0.0113615 -0.251021 0.295937
144 -0.105336 0.370309 0.0435169 -0.0226669 -0.266148 0.3303
145 -0.122578 0.391524 0.0490239 -0.0196657 -0.259411 0.338014
146 -0.108161 0.380872 0.0588834 -0.00988284 -0.25199 0.335758
147 -0.111661 0.388258 0.0707851 -0.0651658 -0.229308 0.351981
148 -0.0763244 0.416627 0.0718746 -0.0610281 -0.208 0.345301
149 -0.0732137 0.416527 0.0779045 -0.0528564 -0.232349 0.343731
150 -0.0959508 0.408374 0.0775815 -0.0575919 -0.202765 0.339213
151 -0.0772551 0.421953 0.0751304 -0.0719463 -0.205169 0.359962
152 -0.076208 0.439637 0.0857056 -0.0867735 -0.195841 0.395679
153 -0.10854 0.427893 0.105068 -0.102396 -0.174494 0.380555
154 -0.0674437 0.431257 0.093573 -0.101897 -0.165193 0.362229
155 -0.0564624 0.433061 0.0970139 -0.101734 -0.182618 0.355526
156 -0.0517928 0.43009 0.0887165 -0.101887 -0.174742 0.363727
157 -0.0442927 0.408608 0.0622097 -0.134151 -0.176343 0.398758
158 -0.0611214 0.412752 0.0488043 -0.110493 -0.181178 0.354141
159 -0.0780536 0.418127 0.0653213 -0.113248 -0.142988 0.344997
160 -0.0658536 0.426259 0.0805399 -0.160019 -0.154383 0.370132
161 -0.0532263 0.446742 0.0782965 -0.17457 -0.180481 0.358166
162 -0.0696739 0.441713 0.0769705 -0.166704 -0.159085 0.347389
163 -0.0600057 0.441419 0.0890909 -0.14887 -0.168289 0.338995
164 -0.0641438 0.449055 0.0597662 -0.134263 -0.161759 0.367368
165 -0.0679014 0.405346 0.0942779 -0.180513 -0.206046 0.341529
166 -0.0742652 0.411932 0.0872758 -0.166954 -0.220003 0.372906
167 -0.0856541 0.431209 0.0994045 -0.138239 -0.195637 0.363576
168 -0.0599238 0.429359 0.0921801 -0.128165 -0.207704 0.359508
169 -0.0550943 0.415703 0.107322 -0.121656 -0.206193 0.385371
170 -0.0528391 0.392734 0.103882 -0.125582 -0.213533 0.370969
171 -0.0609796 0.393576 0.0803851 -0.0901363 -0.194674 0.358642
172 -0.0531151 0.420739 0.0867625 -0.11226 -0.184412 0.354132
173 -0.0724141 0.429669 0.10574 -0.0807101 -0.178022 0.34559
174 -0.0825149 0.406441 0.122314 -0.0814741 -0.176808 0.379525
175 -0.0905175 0.407846 0.122609 -0.0784786 -0.189277 0.388912
176 -0.119415 0.391874 0.105447 -0.0865615 -0.205145 0.383209
177 -0.0981611 0.405662 0.108729 -0.077193 -0.186783 0.407713
178 -0.126901 0.405032 0.116991 -0.0841299 -0.197513 0.381434
179 -0.124214 0.421343 0.0981676 -0.06402 -0.175814 0.373347
180 -0.120776 0.434983 0.0998453 -0.0880643 -0.195978 0.357598
181 -0.12203 0.423524 0.0709273 -0.0831243 -0.188391 0.35399
182 -0.128643 0.422356 0.0635274 -0.0798258 -0.183889 0.36752
183 -0.117499 0.431353 0.071514 -0.0665776 -0.165258 0.379883
184 -0.138112 0.444822 0.0603936 -0.0345094 -0.17046 0.34937
185 -0.169085 0.430673 0.0607144 -0.0740691 -0.176131 0.382787
186 -0.14819 0.434247 0.0537983 -0.0862652 -0.184457 0.380878
187 -0.168722 0.443514 0.0365889 -0.0755631 -0.200606 0.367884
188 -0.157836 0.427013 0.0318139 -0.0681059 -0.202244 0.391996
189 -0.165544 0.449598 0.0479327 -0.0728122 -0.200228 0.390877
190 -0.16973 0.457434 0.0498719 -0.0705164 -0.224075 0.396155
191 -0.154527 0.460172 0.0657069 -0.0793871 -0.231265 0.409771
192 -0.162337 0.466182 0.0705116 -0.0871668 -0.216716 0.405277
193 -0.176881 0.467352 0.0592711 -0.076553 -0.235348 0.394313
194 -0.182971 0.494025 0.0624635 -0.0467447 -0.220675 0.398835
195 -0.175243 0.494603 0.0531364 -0.0592487 -0.218485 0.410209
196 -0.206499 0.475315 0.0567983 -0.0564985 -0.208784 0.39443
197 -0.185383 0.4784 0.0591165 -0.0606031 -0.21393 0.422896
198 -0.202081 0.468507 0.0679922 -0.0433201 -0.222294 0.427517
199 -0.212161 0.504921 0.0793504 -0.0320754 -0.214542 0.416692
200 -0.217515 0.501183 0.0784846 -0.0439482 -0.212072 0.434601
201 -0.205751 0.511804 0.0613276 -0.0256143 -0.209384 0.413278
202 -0.175495 0.496769 0.0667378 -0.0269992 -0.204697 0.428733
203 -0.212783 0.510082 0.0887366 -0.0312658 -0.222162 0.429581
204 -0.204658 0.515673 0.0971638 -0.0104475 -0.187675 0.430116
205 -0.212011 0.542093 0.12576 0.00113362 -0.192675 0.457456
206 -0.181225 0.53348 0.133012 -0.00379392 -0.213375 0.441569
207 -0.181148 0.527565 0.158643 -0.0110507 -0.207759 0.455301
208 -0.1821 0.506292 0.155115 -0.00726576 -0.184432 0.435644
209 -0.193673 0.505907 0.152899 -0.00747425 -0.202118 0.441212
210 -0.22534 0.493589 0.16895 -0.0211247 -0.183335 0.440081
211 -0.223792 0.529009 0.158936 -0.0251143 -0.158676 0.429668
212 -0.254947 0.534224 0.142372 -0.0444223 -0.134921 0.415208
213 -0.248445 0.539076 0.143406 -0.0240229 -0.155261 0.413595
214 -0.235106 0.540163 0.122661 -0.00281963 -0.139408 0.418387
215 -0.218484 0.513594 0.098797 -0.00785232 -0.137572 0.404918
216 -0.208145 0.528245 0.105792 0.0132749 -0.135682 0.420617
217 -0.216348 0.509098 0.126114 -0.00411675 -0.157504 0.419251
218 -0.231523 0.510505 0.116073 0.00290098 -0.160902 0.435026
219 -0.206518 0.525693 0.135444 0.00284315 -0.185947 0.446859
220 -0.222799 0.539551 0.152685 0.0034421 -0.161307 0.448803
221 -0.222156 0.538554 0.153174 0.0193782 -0.218156 0.477606
222 -0.228783 0.53619 0.14985 0.0108643 -0.205195 0.46897
223 -0.212861 0.527632 0.141648 0.03242 -0.205137 0.454613
224 -0.216984 0.543783 0.129717 0.0252386 -0.202125 0.441157
225 -0.226678 0.52949 0.129768 0.0260221 -0.194646 0.461313
226 -0.231332 0.489883 0.118762 0.0239266 -0.17924 0.46496
227 -0.221414 0.510207 0.103922 0.00945122 -0.184099 0.462096
228 -0.216869 0.506154 0.144593 -0.00276409 -0.178937 0.453859
229 -0.214184 0.521015 0.130012 0.0124436 -0.199792 0.461311
230 -0.213809 0.515689 0.122333 -0.0086874 -0.229209 0.432434
231 -0.21378 0.527511 0.157715 -0.0190388 -0.221043 0.445196
232 -0.208554 0.507871 0.122655 -0.0420879 -0.234956 0.432785
233 -0.207686 0.475714 0.143022 -0.0162516 -0.229756 0.420119
234 -0.202624 0.452973 0.165808 -0.0308536 -0.246166 0.407827
235 -0.213356 0.454446 0.177935 -0.0306012 -0.265991 0.375315
236 -0.192806 0.462568 0.204 -0.0327941 -0.272257 0.376077
237 -0.164225 0.458457 0.195105 -0.0184614 -0.283903 0.380213
238 -0.143795 0.43592 0.204154 -0.0490874 -0.281799 0.395279
239 -0.150388 0.453976 0.191691 -0.0783722 -0.263081 0.373375
240 -0.142547 0.45813 0.21289 -0.0686082 -0.253775 0.370033
241 -0.137823 0.460267 0.217628 -0.0730009 -0.253306 0.37419
242 -0.149679 0.477014 0.220687 -0.0501056 -0.267296 0.369802
243 -0.169383 0.481043 0.214524 -0.0531913 -0.268292 0.36404
244 -0.137501 0.518586 0.250198 -0.0461645 -0.279238 0.385394
245 -0.129338 0.502172 0.251777 -0.0422874 -0.265673 0.368679
246 -0.13519 0.520542 0.25209 -0.0348746 -0.268049 0.374379
247 -0.144054 0.509102 0.236904 -0.0350278 -0.282983 0.364968
248 -0.12002 0.50612 0.209153 -0.0206153 -0.290003 0.36041
249 -0.126944 0.492189 0.220473 -0.00881484 -0.291777 0.365668
250 -0.133027 0.454904 0.221162 -0.00122576 -0.262394 0.347562
251 -0.148439 0.422645 0.230689 -0.0152623 -0.277072 0.375363
252 -0.132188 0.394001 0.231002 -0.0418359 -0.28395 0.359944
253 -0.143844 0.398537 0.234631 -0.0499445 -0.279579 0.380911
254 -0.14219 0.374567 0.22899 -0.0485148 -0.236371 0.397744
255 -0.129689 0.360323 0.213687 -0.0301434 -0.244918 0.378736
256 -0.113556 0.351241 0.200054 -0.0317801 -0.238674 0.388744
257 -0.140185 0.331364 0.217455 -0.00920018 -0.234715 0.374808
258 -0.13361 0.315491 0.216485 -0.0155455 -0.209922 0.362822
259 -0.130771 0.316079 0.225842 -0.0268595 -0.225133 0.362064
260 -0.11808 0.334373 0.22635 -0.0620963 -0.267111 0.376984
261 -0.132124 0.328346 0.23918 -0.0623676 -0.250844 0.388232
262 -0.151363 0.347589 0.218631 -0.0741703 -0.242542 0.385604
263 -0.157407 0.367362 0.252634 -0.0685554 -0.210394 0.357375
264 -0.149245 0.372365 0.247894 -0.0823943 -0.209366 0.341591
265 -0.126098 0.360639 0.264518 -0.0793042 -0.19696 0.356174
266 -0.144369 0.372243 0.273736 -0.0680775 -0.185801 0.325879
267 -0.14082 0.39181 0.274532 -0.0632723 -0.19207 0.293683
268 -0.117699 0.385401 0.256052 -0.0783255 -0.183606 0.301147
269 -0.125919 0.361489 0.269989 -0.0893217 -0.183938 0.30023
270 -0.142949 0.355865 0.279499 -0.0850245 -0.23025 0.29174
271 -0.139999 0.345466 0.256254 -0.0901344 -0.252509 0.284587
272 -0.142608 0.35916 0.279663 -0.0897971 -0.25774 0.289894
273 -0.144967 0.350562 0.273121 -0.0485346 -0.254279 0.293137
274 -0.136776 0.331946 0.272003 -0.0706117 -0.274657 0.282933
275 -0.12024 0.341013 0.250935 -0.0653624 -0.240795 0.282276
276 -0.126925 0.348588 0.266952 -0.0885488 -0.264431 0.27629
277 -0.126539 0.343851 0.218687 -0.0642941 -0.244207 0.262211
278 -0.12549 0.351952 0.208143 -0.047227 -0.259695 0.256485
279 -0.11769 0.383493 0.219608 -0.0244705 -0.248436 0.269388
280 -0.132665 0.392972 0.202753 -0.013758 -0.238654 0.2569
281 -0.12218 0.399522 0.204406 -0.00807146 -0.251265 0.245923
282 -0.135244 0.394523 0.190435 -0.0314937 -0.268298 0.224093
283 -0.113626 0.387239 0.203754 -0.0302633 -0.220334 0.23065
284 -0.104013 0.378319 0.189924 -0.0507339 -0.222077 0.21182
285 -0.115612 0.39149 0.176679 -0.0437556 -0.241525 0.231126
286 -0.128999 0.363475 0.14112 -0.0439042 -0.21419 0.208234
287 -0.138433 0.362463 0.141514 -0.0435581 -0.220525 0.232106
288 -0.16026 0.36972 0.123493 -0.0145286 -0.197309 0.226757
289 -0.183206 0.376245 0.0991294 0.00721151 -0.200239 0.24853
290 -0.184539 0.397825 0.079174 -0.0217777 -0.201806 0.242404
291 -0.191526 0.403088 0.110281 0.00125923 -0.191253 0.230036
292 -0.192542 0.402981 0.108257 0.0178737 -0.19051 0.229466
293 -0.199963 0.434636 0.110108 -0.0087284 -0.187035 0.223313
294 -0.213318 0.42414 0.0908626 0.00346299 -0.167481 0.210988
295 -0.209457 0.426673 0.0956997 -0.0211693 -0.193505 0.214894
296 -0.215981 0.420565 0.0573097 -0.00156884 -0.189259 0.208369
297 -0.214558 0.425668 0.0536096 0.00684926 -0.201862 0.193295
298 -0.219172 0.434531 0.0335174 0.00996778 -0.206855 0.198624
299 -0.232375 0.429259 0.0268933 0.0172089 -0.214676 0.181651
300 -0.250757 0.425762 0.0139791 0.00271211 -0.236163 0.207471
301 -0.252092 0.423781 0.00247935 -0.0162024 -0.239662 0.191614
302 -0.241364 0.445828 0.0167445 -0.00189657 -0.236455 0.194207
303 -0.215485 0.432465 0.0390838 -0.0104958 -0.220812 0.19046
304 -0.217845 0.456142 0.0444508 -0.0232533 -0.225659 0.159038
305 -0.208492 0.454487 0.0719825 -0.00464365 -0.217501 0.179745
306 -0.209673 0.469586 0.0588192 -0.0225001 -0.219669 0.200277
307 -0.218243 0.463893 0.0574531 -0.0191929 -0.229465 0.191016
308 -0.233895 0.45469 0.0465382 -0.0332524 -0.238096 0.20415
309 -0.237354 0.431416 0.0419409 -0.0416554 -0.230646 0.205402
310 -0.242376 0.425422 0.0475713 -0.0535474 -0.221499 0.221608
311 -0.234466 0.454071 0.0449343 -0.00995525 -0.203834 0.228323
312 -0.22734 0.447053 0.0478221 -0.0219399 -0.212418 0.199192
313 -0.228421 0.463554 0.050389 -0.0307322 -0.215088 0.219476
314 -0.231968 0.459904 0.0527536 -0.032549 -0.217376 0.247165
315 -0.199856 0.445824 0.0549357 -0.028312 -0.184055 0.233676
316 -0.188921 0.446704 0.0908404 -0.0524985 -0.163297 0.235957
317 -0.203743 0.44976 0.0728036 -0.0470376 -0.183917 0.238089
318 -0.194687 0.452604 0.0554657 -0.0608219 -0.178526 0.245093
319 -0.205602 0.46043 0.0305297 -0.0407126 -0.155635 0.260246
320 -0.213302 0.474876 0.0438646 -0.0582739 -0.157696 0.240553
321 -0.195623 0.4996 0.0535749 -0.0582244 -0.16069 0.240447
322 -0.227231 0.46917 0.0749817 -0.0730666 -0.169759 0.233595
323 -0.263516 0.490549 0.0831733 -0.0657759 -0.180996 0.250174
324 -0.260615 0.496953 0.0879542 -0.0626164 -0.154912 0.248335
325 -0.285641 0.469994 0.0997791 -0.0916048 -0.154048 0.266005
326 -0.268895 0.479774 0.131268 -0.0962539 -0.133091 0.277646
327 -0.282852 0.462358 0.0991412 -0.104152 -0.159648 0.261332
328 -0.271673 0.439175 0.0850885 -0.0989827 -0.14075 0.269428
329 -0.261263 0.464234 0.0933241 -0.113745 -0.165379 0.286515
330 -0.267019 0.450236 0.0993214 -0.102633 -0.176582 0.292723
331 -0.273445 0.454915 0.0989679 -0.115135 -0.198687 0.293888
332 -0.261814 0.441941 0.112558 -0.102833 -0.198712 0.332722
333 -0.270535 0.427753 0.117954 -0.0910612 -0.197136 0.319235
334 -0.272602 0.43954 0.104757 -0.116467 -0.2021 0.31994
335 -0.2628 0.439772 0.12835 -0.104914 -0.159952 0.305973
336 -0.273928 0.423822 0.131643 -0.134719 -0.146153 0.299256
337 -0.263381 0.420155 0.137878 -0.110368 -0.158882 0.283066
338 -0.264892 0.410696 0.15608 -0.117205 -0.164476 0.275636
339 -0.283712 0.434655 0.135468 -0.107321 -0.157422 0.264454
340 -0.293711 0.426302 0.140901 -0.133963 -0.141182 0.260679
341 -0.287238 0.41678 0.153787 -0.118957 -0.129745 0.273026
342 -0.2993 0.402938 0.177589 -0.130464 -0.113489 0.257534
343 -0.279424 0.391612 0.18408 -0.13808 -0.0944445 0.265731
344 -0.287643 0.413403 0.190944 -0.153825 -0.104306 0.263242
345 -0.323181 0.394077 0.184305 -0.134175 -0.128322 0.252869
346 -0.302725 0.393188 0.210419 -0.123558 -0.107899 0.23411
347 -0.312562 0.405551 0.219657 -0.120026 -0.114279 0.208981
348 -0.329417 0.401213 0.219359 -0.124299 -0.0992004 0.208502
349 -0.327944 0.389958 0.211053 -0.136394 -0.0891154 0.207546
350 -0.33439 0.408015 0.18581 -0.138376 -0.0730509 0.222303
351 -0.310517 0.41915 0.185366 -0.122018 -0.0713101 0.227525
352 -0.28292 0.430392 0.1931 -0.123799 -0.0633013 0.226489
353 -0.288626 0.433407 0.16874 -0.114066 -0.07395 0.216149
354 -0.292878 0.412088 0.196982 -0.116655 -0.0538943 0.23388
355 -0.301139 0.416132 0.192226 -0.136492 -0.0881277 0.209435
356 -0.2752 0.430562 0.195343 -0.118376 -0.110846 0.234673
357 -0.299266 0.446665 0.210887 -0.143689 -0.104462 0.239526
358 -0.296867 0.441171 0.226852 -0.133341 -0.102542 0.24915
359 -0.300183 0.446825 0.208465 -0.108006 -0.101999 0.257486
360 -0.28464 0.438124 0.2041 -0.13569 -0.100151 0.291068
361 -0.270813 0.407906 0.169614 -0.132253 -0.105673 0.298532
362 -0.292321 0.402033 0.170773 -0.117885 -0.119232 0.297774
363 -0.274577 0.407624 0.167834 -0.100338 -0.120395 0.274078
364 -0.277196 0.393989 0.156487 -0.0886414 -0.117386 0.269783
365 -0.273766 0.392627 0.147818 -0.0861894 -0.108506 0.252751
366 -0.267851 0.388042 0.156363 -0.0758706 -0.0865465 0.277681
367 -0.24235 0.378055 0.157041 -0.0901555 -0.0856445 0.257011
368 -0.243037 0.382923 0.193944 -0.0882417 -0.123216 0.259007
369 -0.249194 0.375384 0.192368 -0.0930021 -0.109325 0.246216
370 -0.250693 0.374253 0.194073 -0.0907178 -0.080432 0.263963
371 -0.259854 0.359087 0.187892 -0.0816923 -0.0869038 0.265034
372 -0.255619 0.366944 0.177957 -0.0939222 -0.119185 0.248044
373 -0.235018 0.343013 0.2227 -0.0937209 -0.0941518 0.248605
374 -0.272169 0.334459 0.228025 -0.069819 -0.116827 0.235487
375 -0.279902 0.325645 0.239969 -0.0710181 -0.113039 0.237519
376 -0.254436 0.343845 0.264011 -0.100235 -0.136534 0.263987
377 -0.246707 0.328669 0.296956 -0.102148 -0.141037 0.244082
378 -0.251414 0.32373 0.318693 -0.0884254 -0.174987 0.20942
379 -0.280992 0.341127 0.330416 -0.0941609 -0.144284 0.226506
380 -0.271287 0.353814 0.332142 -0.0847907 -0.139587 0.246591
381 -0.267573 0.339436 0.336787 -0.0984315 -0.171525 0.238614
382 -0.237933 0.334211 0.345729 -0.101155 -0.165108 0.218956
383 -0.221977 0.359358 0.361774 -0.123106 -0.186995 0.208529
384 -0.233898 0.337391 0.338636 -0.116846 -0.155691 0.225097
385 -0.240349 0.348555 0.349204 -0.121104 -0.160537 0.226098
386 -0.219816 0.332424 0.36772 -0.141496 -0.157958 0.221955
387 -0.200445 0.317034 0.359435 -0.143352 -0.150403 0.215368
388 -0.186747 0.331968 0.349857 -0.185565 -0.158921 0.227969
389 -0.218645 0.33271 0.374366 -0.149912 -0.148801 0.224145
390 -0.209101 0.32476 0.377264 -0.168529 -0.139164 0.220226
391 -0.19983 0.323638 0.423973 -0.170843 -0.158428 0.232156
392 -0.197855 0.316028 0.426898 -0.173244 -0.158284 0.207195
393 -0.171002 0.319886 0.405678 -0.162084 -0.166837 0.182618
394 -0.187835 0.339414 0.442094 -0.190373 -0.154849 0.18586
395 -0.177574 0.349959 0.429909 -0.179738 -0.146635 0.210709
396 -0.168991 0.353961 0.419024 -0.188029 -0.155922 0.230465
397 -0.164472 0.360535 0.422163 -0.181997 -0.160388 0.223635
398 -0.180408 0.365113 0.427169 -0.202334 -0.176383 0.245996
399 -0.189013 0.380664 0.409561 -0.171333 -0.171982 0.226379
400 -0.201398 0.382054 0.420558 -0.150902 -0.204764 0.234158
401 -0.208522 0.389949 0.388722 -0.171609 -0.250414 0.252665
402 -0.172506 0.394471 0.415646 -0.180999 -0.262745 0.214859
403 -0.173081 0.404588 0.432814 -0.172017 -0.252296 0.225378
404 -0.186189 0.387293 0.440832 -0.163014 -0.245164 0.220742
405 -0.168531 0.376402 0.45156 -0.191213 -0.25003 0.226416
406 -0.163607 0.395091 0.435432 -0.154157 -0.261745 0.22638
407 -0.157722 0.408515 0.468383 -0.129638 -0.245651 0.21521
408 -0.177208 0.420265 0.449646 -0.118084 -0.244873 0.235734
409 -0.173002 0.421842 0.420943 -0.106808 -0.266967 0.248483
410 -0.202398 0.415879 0.415762 -0.124515 -0.271169 0.228553
411 -0.187642 0.401088 0.397246 -0.125445 -0.268568 0.244644
412 -0.18278 0.399135 0.432341 -0.116278 -0.278606 0.24927
413 -0.17959 0.408427 0.429145 -0.111255 -0.275848 0.216637
414 -0.217106 0.431076 0.439713 -0.0933971 -0.263534 0.196431
415 -0.204931 0.413684 0.440412 -0.0926543 -0.281072 0.170849
416 -0.184609 0.431298 0.444244 -0.0843384 -0.320182 0.177561
417 -0.186578 0.460835 0.451415 -0.108093 -0.281001 0.163198
418 -0.173459 0.445312 0.421947 -0.0940959 -0.306015 0.170282
419 -0.159349 0.454109 0.423295 -0.0727326 -0.279999 0.148537
420 -0.18538 0.403023 0.41823 -0.093421 -0.292213 0.176254
421 -0.184458 0.418271 0.423152 -0.0914138 -0.268539 0.164773
422 -0.177914 0.41716 0.418622 -0.0937568 -0.269597 0.187323
423 -0.191436 0.418051 0.403631 -0.098601 -0.256045 0.224435
424 -0.17529 0.432311 0.425029 -0.0872096 -0.25907 0.227531
425 -0.160303 0.430436 0.437544 -0.0639586 -0.267907 0.194563
426 -0.148567 0.408403 0.437016 -0.0512265 -0.267238 0.181896
427 -0.145298 0.432062 0.456008 -0.0434136 -0.269049 0.171162
428 -0.116628 0.430646 0.456324 -0.0469806 -0.272539 0.172422
429 -0.131794 0.446497 0.448399 -0.0299429 -0.275357 0.166941
430 -0.110035 0.43545 0.456625 -0.0302562 -0.264864 0.175691
431 -0.110519 0.449496 0.470664 -0.0319768 -0.27224 0.155115
432 -0.107945 0.443651 0.458456 0.0108046 -0.257316 0.155696
433 -0.117914 0.419204 0.450312 -0.0175898 -0.27315 0.140421
434 -0.131416 0.421118 0.436473 -0.0280951 -0.275543 0.136966
435 -0.0980796 0.410364 0.46695 -0.0209424 -0.272853 0.123464
436 -0.102642 0.413521 0.46189 -0.0222967 -0.264544 0.124971
437 -0.0926377 0.393925 0.459678 -0.00232507 -0.26089 0.135467
438 -0.0916271 0.384543 0.455704 -0.0106646 -0.286078 0.134315
439 -0.0823984 0.39467 0.445701 -0.0260919 -0.303963 0.146108
440 -0.0859899 0.401959 0.434397 -0.0143857 -0.299703 0.144096
441 -0.0598452 0.405086 0.445111 -0.0156205 -0.338346 0.144797
442 -0.0760324 0.419035 0.418323 -0.00460837 -0.34188 0.162028
443 -0.0720214 0.366199 0.405824 0.0171683 -0.325474 0.167742
444 -0.0815205 0.368235 0.386382 0.00860721 -0.348169 0.151708
445 -0.0617931 0.360578 0.39887 0.0489732 -0.361141 0.18036
446 -0.0709576 0.392768 0.42149 0.0217081 -0.359871 0.158041
447 -0.093974 0.393482 0.385103 0.0353373 -0.359308 0.15495
448 -0.0891579 0.38373 0.377907 -0.0159126 -0.371591 0.159625
449 -0.10505 0.406643 0.372738 -0.0256763 -0.363582 0.134125
450 -0.108882 0.391306 0.385167 -0.00990247 -0.373462 0.172464
451 -0.105618 0.409197 0.358873 0.00706749 -0.378888 0.151266
452 -0.077954 0.408469 0.360981 -0.00971745 -0.372508 0.189026
453 -0.104578 0.405481 0.379631 -0.0199036 -0.386491 0.190262
454 -0.103972 0.383524 0.360389 -0.0437466 -0.396747 0.193808
455 -0.104928 0.387084 0.355305 -0.0292978 -0.391734 0.208744
456 -0.0972415 0.393505 0.370211 -0.0381919 -0.389923 0.182797
457 -0.0835806 0.397633 0.372562 -0.0199606 -0.417936 0.19716
458 -0.0938374 0.38803 0.381603 -0.0193135 -0.399505 0.184133
459 -0.0901865 0.40274 0.351491 -0.0330503 -0.381576 0.199179
460 -0.0855482 0.389304 0.391307 -0.0122111 -0.385557 0.206446
461 -0.0713135 0.373226 0.370396 0.00349732 -0.419779 0.212852
462 -0.088733 0.370328 0.368911 -0.0152583 -0.417744 0.203706
463 -0.0873687 0.362694 0.360566 -0.00616734 -0.411016 0.183824
464 -0.108652 0.375474 0.375336 0.015212 -0.39759 0.180745
465 -0.130402 0.385321 0.400573 -0.00170148 -0.412154 0.177842
466 -0.137073 0.363621 0.400615 -0.0143009 -0.399449 0.186437
467 -0.121487 0.370448 0.397708 -0.0248687 -0.380914 0.183605
468 -0.125021 0.369851 0.384513 -0.0169775 -0.414049 0.175042
469 -0.135796 0.378324 0.389566 -0.0226469 -0.411693 0.189675
470 -0.132164 0.373151 0.386679 -0.0117914 -0.396688 0.206363
471 -0.113007 0.37971 0.414032 -0.0327387 -0.389297 0.193132
472 -0.119726 0.374628 0.426201 -0.0409972 -0.358378 0.172978
473 -0.13536 0.362154 0.412061 -0.00766299 -0.341513 0.201784
474 -0.134703 0.348258 0.4275 -0.0225548 -0.360078 0.180359
475 -0.122218 0.362791 0.42077 -0.0213172 -0.358703 0.175107
476 -0.135977 0.365789 0.447235 -0.0427742 -0.346046 0.182141
477 -0.120809 0.361321 0.459944 -0.0379681 -0.332649 0.175969
478 -0.120168 0.354728 0.472707 -0.0381636 -0.333609 0.177921
479 -0.115349 0.356134 0.479786 -0.0640885 -0.324549 0.1922
480 -0.120263 0.346551 0.496417 -0.0407385 -0.331253 0.173643
481 -0.129561 0.358734 0.499848 -0.0239235 -0.360569 0.164249
482 -0.143745 0.346331 0.521402 -0.00952454 -0.356083 0.164643
483 -0.146337 0.352472 0.497681 -0.0354565 -0.357428 0.167728
484 -0.156537 0.372779 0.499547 -0.024788 -0.346261 0.165593
485 -0.16127 0.362433 0.503131 -0.0403119 -0.359704 0.179269
486 -0.171462 0.365445 0.491796 -0.0650203 -0.339466 0.158817
487 -0.196277 0.391565 0.469765 -0.0664101 -0.359835 0.183136
488 -0.178741 0.36939 0.471042 -0.0588263 -0.382474 0.205734
489 -0.193242 0.369444 0.459709 -0.0809583 -0.404375 0.197243
490 -0.175729 0.370613 0.450948 -0.103464 -0.39313 0.175934
491 -0.171895 0.376391 0.457818 -0.103735 -0.413976 0.179834
492 -0.196631 0.401764 0.459537 -0.0969452 -0.408266 0.177478
493 -0.184015 0.406295 0.441606 -0.108297 -0.407459 0.145595
494 -0.218135 0.402906 0.416982 -0.0841957 -0.397105 0.147676
495 -0.189299 0.40148 0.417095 -0.109748 -0.404196 0.158191
496 -0.197592 0.388467 0.414985 -0.109363 -0.413439 0.145558
497 -0.175898 0.361968 0.394726 -0.0996353 -0.414665 0.140691
498 -0.163933 0.372268 0.383348 -0.118188 -0.425449 0.128751
499 -0.152044 0.352418 0.405295 -0.120633 -0.421794 0.138071
500 -0.144038 0.358878 0.404091 -0.121429 -0.434698 0.13899
501 -0.149336 0.365301 0.410605 -0.100491 -0.423549 0.13927
502 -0.149452 0.369864 0.403646 -0.0879423 -0.430661 0.119294
503 -0.141851 0.386094 0.398058 -0.0879658 -0.429507 0.127818
504 -0.121509 0.40574 0.390286 -0.102519 -0.464852 0.115441
505 -0.122386 0.438854 0.403802 -0.125456 -0.468186 0.100953
506 -0.127046 0.40211 0.382284 -0.12352 -0.486076 0.112375
507 -0.131303 0.398603 0.38976 -0.1444 -0.503091 0.145378
508 -0.137246 0.411316 0.397629 -0.137762 -0.53003 0.142819
509 -0.145951 0.416198 0.411598 -0.12375 -0.533002 0.128105
510 -0.192778 0.410872 0.449216 -0.11591 -0.527557 0.135303
511 -0.166025 0.394197 0.42971 -0.115595 -0.532761 0.12218
512 -0.191437 0.382015 0.430478 -0.099278 -0.503053 0.138358
513 -0.190462 0.376185 0.42474 -0.0844121 -0.533379 0.150922
514 -0.1894 0.384685 0.405544 -0.0797249 -0.542268 0.146674
515 -0.198266 0.405485 0.413264 -0.0818276 -0.534218 0.145171
516 -0.200622 0.401633 0.436516 -0.0841934 -0.53847 0.12348
517 -0.193319 0.383715 0.466549 -0.0879926 -0.528042 0.109719
518 -0.193012 0.406737 0.422917 -0.0794941 -0.537765 0.0937846
519 -0.201055 0.398839 0.424371 -0.075729 -0.522199 0.106277
520 -0.193265 0.396491 0.454666 -0.0797545 -0.521489 0.111264
521 -0.182589 0.405822 0.414731 -0.0922024 -0.517938 0.0911386
522 -0.153355 0.38754 0.40986 -0.07808 -0.548349 0.0850536
523 -0.156137 0.388461 0.410892 -0.0627813 -0.519813 0.101016
524 -0.187535 0.393365 0.4169 -0.0699993 -0.534109 0.0777696
525 -0.178979 0.365724 0.44543 -0.0778188 -0.550997 0.0715799
526 -0.193734 0.361687 0.453299 -0.0720279 -0.522895 0.0859249
527 -0.178448 0.367105 0.420844 -0.0810419 -0.528018 0.0929421
528 -0.184121 0.329724 0.422885 -0.0816753 -0.548735 0.092888
529 -0.18866 0.303762 0.429789 -0.0753412 -0.562885 0.0943545
530 -0.186129 0.318695 0.43062 -0.0761304 -0.554804 0.080024
531 -0.210957 0.340559 0.442562 -0.0414856 -0.524439 0.0638564
532 -0.194269 0.33164 0.429019 -0.0549124 -0.523142 0.0640742
533 -0.221067 0.358005 0.423189 -0.0247347 -0.524914 0.076381
534 -0.19126 0.343635 0.43775 -0.0185706 -0.554193 0.0549438
535 -0.173144 0.368688 0.42056 -0.016559 -0.536686 0.062082
536 -0.172397 0.377258 0.398569 -0.010141 -0.529558 0.0546708
537 -0.165737 0.393749 0.397113 -0.0145285 -0.527107 0.0657761
538 -0.166664 0.383993 0.410707 -0.0182343 -0.509745 0.0844152
539 -0.158536 0.378174 0.397439 0.0020978 -0.518202 0.097504
540 -0.162527 0.337812 0.403823 0.00570337 -0.552382 0.105865
541 -0.169149 0.358794 0.387547 0.0294155 -0.543526 0.115269
542 -0.170024 0.349706 0.384298 0.0238411 -0.567818 0.12846
543 -0.187608 0.36181 0.392959 0.0361158 -0.592482 0.101496
544 -0.191977 0.358427 0.410627 0.0634423 -0.613003 0.0929944
545 -0.177356 0.374591 0.423162 0.0778827 -0.626013 0.0888577
546 -0.172667 0.384864 0.432155 0.0929901 -0.605679 0.0693875
547 -0.171645 0.376313 0.448176 0.0938909 -0.589419 0.0532862
548 -0.177737 0.368591 0.452091 0.102223 -0.578753 0.0463524
549 -0.166644 0.385231 0.475477 0.0847415 -0.574272 0.0633774
550 -0.196172 0.362383 0.473745 0.054811 -0.568977 0.0666256
551 -0.177257 0.355933 0.473887 0.0693002 -0.576285 0.0718565
552 -0.195202 0.349125 0.464176 0.0515668 -0.575923 0.0853817
553 -0.192465 0.345652 0.48387 0.0492526 -0.560031 0.0828321
554 -0.21849 0.341377 0.483569 0.049982 -0.543324 0.085244
555 -0.197816 0.327528 0.511841 0.0764968 -0.52647 0.0883599
556 -0.180517 0.335105 0.51889 0.0769877 -0.543125 0.0964966
557 -0.211502 0.333318 0.500589 0.0988919 -0.547153 0.0731837
558 -0.208993 0.323747 0.506476 0.107973 -0.542327 0.0629854
559 -0.198169 0.356462 0.510234 0.119796 -0.562994 0.0843057
560 -0.198436 0.35356 0.511687 0.128085 -0.567866 0.0987221
561 -0.206256 0.363025 0.492671 0.115019 -0.546904 0.128441
562 -0.220121 0.362656 0.503086 0.123221 -0.545364 0.121851
563 -0.214653 0.376822 0.506539 0.129598 -0.549077 0.12028
564 -0.209753 0.394723 0.506978 0.113247 -0.550652 0.112196
565 -0.197944 0.386451 0.491919 0.118601 -0.527896 0.091915
566 -0.190945 0.377731 0.512943 0.129175 -0.515896 0.0908021
567 -0.194618 0.384518 0.507797 0.139067 -0.523532 0.0957356
568 -0.200927 0.35882 0.504593 0.14512 -0.541865 0.0855844
569 -0.206469 0.358834 0.511807 0.146724 -0.559042 0.109359
570 -0.205191 0.355475 0.516808 0.136028 -0.563042 0.116836
571 -0.199916 0.337542 0.528984 0.126554 -0.569793 0.0978104
572 -0.174669 0.369368 0.523515 0.143717 -0.579975 0.112835
573 -0.175586 0.382443 0.545986 0.12349 -0.571846 0.0941565
574 -0.192933 0.358191 0.535398 0.121889 -0.566812 0.134686
575 -0.210256 0.352182 0.536093 0.153064 -0.579709 0.131299
576 -0.219519 0.36236 0.54234 0.163184 -0.592055 0.135719
577 -0.224676 0.374587 0.544189 0.16947 -0.58384 0.139179
578 -0.258072 0.379688 0.525063 0.141181 -0.593676 0.11733
579 -0.280221 0.35553 0.538203 0.156397 -0.590777 0.119997
580 -0.277095 0.380748 0.566469 0.131907 -0.603846 0.125891
581 -0.263778 0.36854 0.537941 0.1599 -0.616591 0.111899
582 -0.272561 0.381619 0.561733 0.176968 -0.614151 0.113833
583 -0.262028 0.38851 0.579269 0.155017 -0.612652 0.120498
584 -0.275872 0.379315 0.582183 0.14269 -0.591269 0.113464
585 -0.277273 0.399664 0.573122 0.175627 -0.60209 0.119269
586 -0.273225 0.365941 0.551426 0.177988 -0.613607 0.128588
587 -0.2497 0.367594 0.571107 0.193445 -0.606806 0.116411
588 -0.260611 0.342845 0.541905 0.204661 -0.576075 0.0986947
589 -0.23822 0.368063 0.555258 0.206852 -0.582136 0.0827259
590 -0.262256 0.364644 0.527026 0.18653 -0.570842 0.0636921
591 -0.265463 0.364805 0.54194 0.203974 -0.54781 0.0796947
592 -0.283346 0.366698 0.549045 0.203779 -0.564057 0.0440883
593 -0.252678 0.355673 0.530443 0.19043 -0.571803 0.0572185
594 -0.238435 0.34471 0.55503 0.202745 -0.580935 0.0742779
595 -0.261923 0.314193 0.519258 0.212321 -0.584082 0.05744
596 -0.271004 0.297275 0.527712 0.192546 -0.589074 0.0400416
597 -0.29203 0.292176 0.551441 0.187431 -0.579207 0.0479158
598 -0.288178 0.316902 0.532702 0.1892 -0.608529 0.0431676
599 -0.26749 0.311088 0.553134 0.169839 -0.636609 0.0445136
600 -0.287491 0.278754 0.519317 0.172816 -0.64108 0.0314257
601 -0.268614 0.305119 0.541196 0.166351 -0.643876 0.0640156
602 -0.239118 0.313544 0.528977 0.173389 -0.6215 0.0289309
603 -0.261977 0.321755 0.51027 0.177248 -0.61559 0.0150445
604 -0.224787 0.302949 0.525195 0.145289 -0.611594 0.0396525
605 -0.231398 0.305217 0.507956 0.1468 -0.59849 0.0645517
606 -0.218687 0.303009 0.53105 0.151932 -0.595175 0.0657318
607 -0.204516 0.297801 0.528996 0.136027 -0.558092 0.0513119
608 -0.180725 0.299916 0.503393 0.164916 -0.549341 0.0659307
609 -0.177423 0.291362 0.507194 0.162766 -0.555028 0.0525473
610 -0.172512 0.308034 0.507417 0.166288 -0.566031 0.0821423
611 -0.194704 0.287645 0.518481 0.171105 -0.523622 0.0643973
612 -0.218644 0.251425 0.515107 0.177391 -0.54045 0.0844709
613 -0.206517 0.261333 0.502706 0.151674 -0.506617 0.0888047
614 -0.228672 0.269546 0.499113 0.192967 -0.501762 0.109961
615 -0.233262 0.259939 0.506077 0.169723 -0.494351 0.0850871
616 -0.223619 0.268494 0.505353 0.147754 -0.474996 0.0672998
617 -0.238573 0.248442 0.516005 0.164236 -0.489823 0.0596194
618 -0.261227 0.223752 0.518193 0.143853 -0.4577 0.0738918
619 -0.265932 0.240597 0.543199 0.156411 -0.433662 0.0796533
620 -0.279468 0.245522 0.550092 0.144696 -0.475981 0.0583585
621 -0.251218 0.233485 0.542191 0.112656 -0.443411 0.0954612
622 -0.257516 0.216713 0.525201 0.141238 -0.45833 0.10778
623 -0.247379 0.209228 0.535406 0.145275 -0.469473 0.125337
624 -0.220903 0.20492 0.521496 0.120056 -0.446281 0.0936499
625 -0.255015 0.200103 0.516186 0.144342 -0.455929 0.0885506
626 -0.270527 0.186968 0.505957 0.136907 -0.444826 0.0962483
627 -0.245863 0.201556 0.522983 0.143858 -0.451851 0.0968265
628 -0.284076 0.196188 0.518611 0.140102 -0.43552 0.0885845
629 -0.296724 0.202593 0.503173 0.15148 -0.438409 0.0766416
630 -0.319568 0.181124 0.493251 0.163817 -0.440492 0.0819945
631 -0.322105 0.203811 0.50602 0.136562 -0.428 0.0603936
632 -0.316189 0.175261 0.496851 0.117115 -0.432154 0.0686083
633 -0.296594 0.198657 0.498291 0.137927 -0.441895 0.0941819
634 -0.340696 0.20624 0.496648 0.150986 -0.450103 0.082608
635 -0.334713 0.221626 0.525934 0.158332 -0.46212 0.0700226
636 -0.324841 0.179742 0.513416 0.172702 -0.465007 0.0767932
637 -0.339863 0.189688 0.510358 0.15348 -0.490636 0.10727
638 -0.334043 0.181657 0.496663 0.160175 -0.504603 0.0935435
639 -0.332653 0.1553 0.494766 0.141191 -0.51705 0.0821338
640 -0.365779 0.170927 0.49726 0.154027 -0.526873 0.108654
641 -0.358098 0.189666 0.482218 0.161539 -0.512773 0.116665
642 -0.357115 0.198426 0.484817 0.156391 -0.525012 0.117531
643 -0.33703 0.203921 0.481207 0.17591 -0.53118 0.125209
644 -0.349479 0.181138 0.483725 0.184913 -0.532451 0.146995
645 -0.32544 0.180744 0.527354 0.187658 -0.512681 0.125826
646 -0.348596 0.192577 0.538006 0.183029 -0.536403 0.134897
647 -0.342691 0.185491 0.526687 0.181469 -0.506651 0.124502
648 -0.346261 0.187021 0.535021 0.195194 -0.518173 0.135428
649 -0.3195 0.195943 0.565291 0.199029 -0.53801 0.143683
650 -0.306007 0.194953 0.574272 0.179365 -0.555849 0.171828
651 -0.314784 0.171913 0.570491 0.220182 -0.552083 0.189486
652 -0.308891 0.170376 0.578055 0.22236 -0.549578 0.199554
653 -0.31232 0.151209 0.585042 0.22483 -0.548294 0.199305
654 -0.298964 0.17717 0.567337 0.221797 -0.520615 0.215756
655 -0.306677 0.174795 0.558755 0.232462 -0.4935 0.203344
656 -0.314818 0.162137 0.544273 0.243453 -0.521149 0.200951
657 -0.316497 0.187592 0.553077 0.227967 -0.49655 0.236703
658 -0.294397 0.197205 0.546159 0.249858 -0.483066 0.26624
659 -0.305699 0.172555 0.536778 0.228717 -0.504408 0.236991
660 -0.327451 0.194593 0.516902 0.221361 -0.502683 0.239403
661 -0.32617 0.184614 0.507847 0.257097 -0.476442 0.266497
662 -0.283254 0.174435 0.535545 0.22615 -0.49163 0.256551
663 -0.265612 0.161683 0.534604 0.245885 -0.512486 0.234382
664 -0.290428 0.176683 0.531272 0.242718 -0.533243 0.253183
665 -0.292577 0.141055 0.519527 0.236542 -0.528567 0.239494
666 -0.282592 0.140319 0.512638 0.235143 -0.547467 0.238207
667 -0.290844 0.129246 0.530821 0.23114 -0.545521 0.246068
668 -0.27044 0.112541 0.528907 0.259918 -0.565724 0.256886
669 -0.279892 0.127171 0.516223 0.253604 -0.577333 0.287601
670 -0.280099 0.132908 0.52173 0.242251 -0.586752 0.287952
671 -0.294816 0.147167 0.52929 0.221801 -0.548366 0.276116
672 -0.295896 0.150478 0.549567 0.22059 -0.536712 0.298005
673 -0.289815 0.136824 0.534901 0.224814 -0.516149 0.300317
674 -0.287473 0.151466 0.534369 0.211915 -0.54722 0.286923
675 -0.293292 0.137217 0.521728 0.199602 -0.543714 0.274361
676 -0.290877 0.118214 0.534112 0.23321 -0.581235 0.273108
677 -0.279813 0.114731 0.561789 0.260995 -0.581565 0.272621
678 -0.27404 0.124956 0.554619 0.272899 -0.595903 0.248863
679 -0.270135 0.122682 0.57195 0.279377 -0.58598 0.238376
