0 -0.1164 0.5252 -0.1774 -0.3898 0.2564 -0.88
1 0.107747 -0.275269 0.1673 0.22432 -0.626122 0.0913164
2 0.10096 -0.269446 0.165153 0.228217 -0.629198 0.0765784
3 0.110361 -0.283898 0.151039 0.235275 -0.637166 0.0355684
4 0.108697 -0.2994 0.119673 0.253014 -0.639421 0.056143
5 0.080319 -0.267992 0.133053 0.252003 -0.645297 0.0451862
6 0.0912493 -0.253479 0.138043 0.249977 -0.648747 0.0571112
7 0.0567407 -0.269995 0.119819 0.243373 -0.641371 0.075684
8 0.0555623 -0.27941 0.136453 0.229532 -0.650129 0.069111
9 0.0351214 -0.286343 0.145139 0.239233 -0.645542 0.0630226
10 0.0367945 -0.279298 0.133959 0.234251 -0.626879 0.0931633
11 0.0129156 -0.295022 0.161556 0.219185 -0.666761 0.0841174
12 0.0299822 -0.308446 0.157279 0.203405 -0.676694 0.0846472
13 -0.3922 -0.1876 -0.5752 -0.804 -0.4412 -0.9094
14 0.00640565 -0.301233 0.187066 0.21303 -0.644258 0.104571
15 0.0229885 -0.334395 0.177457 0.224576 -0.660169 0.111313
16 0.0310627 -0.35378 0.17767 0.260654 -0.664978 0.112092
17 0.0350471 -0.349034 0.167303 0.250312 -0.678722 0.126486
18 0.0392668 -0.333829 0.14738 0.251732 -0.654557 0.119942
19 0.031475 -0.330397 0.160448 0.279207 -0.628664 0.131232
20 0.0194809 -0.330975 0.157583 0.282184 -0.627322 0.128733
21 0.6554 0.5442 -0.7538 -0.2728 -0.5254 -0.3788
22 0.6554 0.5442 -0.7538 -0.2728 -0.5254 -0.3788
23 -0.325 0.1846 -0.2362 0.7128 0.8318 0.26
24 -0.325 0.1846 -0.2362 0.7128 0.8318 0.26
25 0.00508303 -0.313722 0.151291 0.275747 -0.637665 0.156675
26 -0.2024 0.6602 -0.857 -0.2152 -0.1772 0.2724
27 -0.2024 0.6602 -0.857 -0.2152 -0.1772 0.2724
28 -0.0193881 -0.388994 0.177843 0.293652 -0.626077 0.163903
29 -0.3918 -0.8706 0.231 -0.6828 -0.3016 -0.2006
30 0.000320606 -0.366249 0.146588 0.27187 -0.639091 0.141217
31 0.0123115 -0.397786 0.160443 0.318155 -0.656887 0.137317
32 0.0106972 -0.379572 0.173124 0.310342 -0.651977 0.135723
33 -0.3464 -0.859 0.4562 0.1724 -0.032 -0.2076
34 0.0225709 -0.371219 0.168644 0.309046 -0.657073 0.1214
35 0.0489392 -0.374098 0.174104 0.330569 -0.633166 0.101034
36 0.4658 0.4732 -0.4734 -0.00300002 0.1244 0.3932
37 -0.83 -0.805 -0.5452 0.6418 0.564 0.0762
38 -0.83 -0.805 -0.5452 0.6418 0.564 0.0762
39 0.0552783 -0.346067 0.165934 0.323638 -0.615846 0.101692
40 0.0564276 -0.364016 0.179851 0.329095 -0.638868 0.126697
41 -0.7342 -0.4736 0.9874 0.3224 -0.3096 0.837
42 0.0499501 -0.315769 0.201176 0.337207 -0.63175 0.125629
43 0.0849597 -0.35091 0.215875 0.324107 -0.609743 0.128387
44 0.0885403 -0.341964 0.210951 0.322001 -0.631343 0.11527
45 -0.484 -0.8436 0.194 -0.1004 -0.2426 -0.1026
46 -0.484 -0.8436 0.194 -0.1004 -0.2426 -0.1026
47 0.6158 0.7564 -0.1798 -0.0956 0.576 -0.6716
48 0.6158 0.7564 -0.1798 -0.0956 0.576 -0.6716
49 -0.7098 0.9402 -0.869 -0.2696 -0.6838 -0.337
50 0.0861231 -0.360718 0.197612 0.387953 -0.701705 0.046109
51 0.0788152 -0.360162 0.200896 0.38675 -0.657257 0.0308072
52 0.0444685 -0.360182 0.195543 0.378866 -0.673995 0.0319141
53 0.1116 0.7998 0.0628 -0.4906 -0.1206 -0.0286
54 0.1116 0.7998 0.0628 -0.4906 -0.1206 -0.0286
55 0.5148 -0.5278 0.3704 0.3666 -0.9184 -0.228
56 0.5148 -0.5278 0.3704 0.3666 -0.9184 -0.228
57 0.0190896 -0.365107 0.240429 0.360211 -0.706829 0.0256794
58 0.0164817 -0.383682 0.252817 0.353731 -0.708242 0.0321926
59 -0.0159024 -0.348265 0.214969 0.378878 -0.714224 0.0326617
60 0.0231014 -0.371211 0.241199 0.357739 -0.695873 0.0467095
61 0.5956 -0.393 0.8558 0.7252 -0.2 0.268
62 0.5956 -0.393 0.8558 0.7252 -0.2 0.268
63 0.032259 -0.395063 0.230659 0.310739 -0.673756 0.0541557
64 0.0424771 -0.385831 0.224471 0.259341 -0.696583 0.0430051
65 0.0438033 -0.392358 0.213822 0.252791 -0.701622 0.0598357
66 0.386 0.724 -0.7282 -0.7928 0.4754 0.397
67 0.0606244 -0.388373 0.235424 0.319532 -0.716158 0.0677856
68 0.0595082 -0.363342 0.232592 0.285307 -0.729072 0.0377808
69 0.624 0.5244 -0.5084 0.3244 -0.6208 -0.011
70 0.624 0.5244 -0.5084 0.3244 -0.6208 -0.011
71 -0.8186 0.676 0.9422 0.9388 -0.8512 -0.3014
72 0.0945503 -0.353158 0.231356 0.310026 -0.720355 0.0560701
73 0.0764453 -0.355462 0.253959 0.338292 -0.719176 0.0540875
74 0.4502 0.9752 0.4358 0.6392 0.1886 0.3134
75 0.4502 0.9752 0.4358 0.6392 0.1886 0.3134
76 0.0225564 -0.351552 0.268091 0.352817 -0.728421 0.0360487
77 0.0211176 -0.351062 0.288945 0.324767 -0.714661 0.026017
78 0.0296087 -0.314449 0.307306 0.316393 -0.702421 0.0276692
79 0.0181538 -0.324429 0.325488 0.272054 -0.676762 0.0270139
80 0.0449117 -0.34109 0.340891 0.271177 -0.674972 0.0357704
81 0.0249581 -0.360597 0.314492 0.256125 -0.684209 0.0525973
82 0.0318293 -0.355374 0.334282 0.268105 -0.66752 0.056613
83 0.0276758 -0.342175 0.355119 0.269863 -0.680928 0.0527987
84 0.00467963 -0.319793 0.354998 0.266133 -0.696191 0.0399521
85 0.0152963 -0.359329 0.373002 0.291246 -0.711099 0.0587764
86 0.0255682 -0.352993 0.390189 0.272327 -0.693894 0.06854
87 0.0245574 -0.361235 0.377462 0.278628 -0.706852 0.0795111
88 0.0185662 -0.352712 0.41508 0.275859 -0.687935 0.0727384
89 0.0440766 -0.320996 0.393246 0.292992 -0.706868 0.0890709
90 0.064791 -0.328791 0.391375 0.296342 -0.694616 0.0993139
91 0.0526075 -0.323501 0.377473 0.269052 -0.662017 0.0782233
92 0.0522171 -0.300937 0.400513 0.270876 -0.665389 0.110898
93 0.0441786 -0.309424 0.370945 0.291399 -0.633065 0.0976535
94 0.0436014 -0.288096 0.373047 0.294058 -0.657642 0.0929149
95 0.0512984 -0.299 0.340863 0.303328 -0.669283 0.110545
96 0.0568868 -0.315055 0.353974 0.282384 -0.665855 0.102727
97 0.6754 -0.57 -0.7342 -0.0908 -0.4314 -0.8144
98 0.0267858 -0.316966 0.337696 0.301188 -0.620431 0.106857
99 0.0261239 -0.282838 0.331058 0.276266 -0.63487 0.120337
100 0.015499 -0.302116 0.342369 0.268049 -0.634205 0.133926
101 0.0106318 -0.312133 0.340393 0.270013 -0.643532 0.125479
102 0.0366089 -0.305703 0.351057 0.250778 -0.646291 0.112853
103 0.0222623 -0.320449 0.359574 0.242192 -0.65045 0.124142
104 0.0309004 -0.3204 0.344557 0.23945 -0.64813 0.121923
105 0.0213141 -0.310771 0.328284 0.247341 -0.65649 0.131911
106 -0.2624 0.8852 0.3976 0.8678 -0.583 -0.3334
107 0.0473682 -0.283622 0.331986 0.272707 -0.634252 0.139777
108 0.0549869 -0.295099 0.332776 0.284378 -0.648288 0.125036
109 0.0606321 -0.291959 0.341472 0.282689 -0.650473 0.139704
110 0.0981653 -0.306675 0.354559 0.306514 -0.641689 0.109238
111 0.085 -0.59 0.8952 -0.6628 -0.3608 -0.0502
112 0.085 -0.59 0.8952 -0.6628 -0.3608 -0.0502
113 -0.5182 -0.7602 0.016 0.106 -0.0658 -0.921
114 0.4826 -0.5146 0.1518 0.8682 -0.406 -0.9838
115 0.4826 -0.5146 0.1518 0.8682 -0.406 -0.9838
116 0.0766817 -0.309052 0.302613 0.265258 -0.598463 0.125502
117 0.0882222 -0.331194 0.310276 0.263434 -0.586755 0.11772
118 0.0992888 -0.326297 0.305353 0.242247 -0.568468 0.124663
119 0.2208 0.3524 0.6772 0.0816 0.1992 0.8484
120 0.2208 0.3524 0.6772 0.0816 0.1992 0.8484
121 -0.709 0.4568 -0.27 0.9156 0.8848 0.2972
122 0.0840097 -0.289167 0.321815 0.26206 -0.583278 0.135514
123 0.111798 -0.24009 0.344403 0.277439 -0.57357 0.136938
124 0.122674 -0.247454 0.310258 0.283768 -0.578367 0.141483
125 0.140262 -0.246826 0.320815 0.322212 -0.569791 0.133563
126 0.127578 -0.261748 0.320256 0.317932 -0.569058 0.141324
127 0.10854 -0.260216 0.325069 0.282464 -0.535714 0.160379
128 0.14187 -0.273834 0.296965 0.292212 -0.523445 0.137147
129 0.152812 -0.264758 0.287464 0.300173 -0.526511 0.149437
130 0.145896 -0.274919 0.288569 0.293745 -0.56037 0.137289
131 0.160211 -0.251949 0.309039 0.300838 -0.5327 0.139372
132 0.138405 -0.253268 0.301412 0.294356 -0.538162 0.168425
133 0.12067 -0.236325 0.309094 0.28541 -0.550616 0.168265
134 0.104683 -0.228168 0.308654 0.283128 -0.547337 0.154776
135 0.124459 -0.247909 0.334292 0.30434 -0.513498 0.154408
136 0.158847 -0.211872 0.323282 0.302003 -0.524366 0.146793
137 0.122735 -0.231918 0.310986 0.292437 -0.509187 0.132051
138 0.124511 -0.210793 0.31142 0.264475 -0.487974 0.116937
139 0.120421 -0.2157 0.33146 0.255152 -0.513448 0.124331
140 0.117591 -0.211086 0.349597 0.245689 -0.520388 0.143339
141 0.9112 -0.017 -0.0102 -0.0434 -0.8124 -0.2418
142 0.9112 -0.017 -0.0102 -0.0434 -0.8124 -0.2418
143 0.146561 -0.237701 0.3453 0.280464 -0.520015 0.127696
144 0.140426 -0.251021 0.336937 0.279048 -0.531483 0.128752
145 0.120804 -0.2193 0.346584 0.297417 -0.538709 0.11195
146 0.127155 -0.196998 0.345745 0.307723 -0.520553 0.132659
147 0.123075 -0.212045 0.367358 0.288751 -0.55191 0.161536
148 0.105329 -0.209103 0.377899 0.288945 -0.540173 0.153802
149 0.0946667 -0.221841 0.364392 0.276653 -0.555032 0.161287
150 0.0898656 -0.229468 0.345845 0.28116 -0.554997 0.159143
151 0.0981098 -0.226498 0.368908 0.260737 -0.555174 0.14249
152 0.0861458 -0.216766 0.351696 0.269009 -0.518257 0.152068
153 0.0789912 -0.209314 0.351651 0.258931 -0.54061 0.150079
154 0.0968551 -0.197044 0.353136 0.278337 -0.551435 0.163372
155 0.104883 -0.215977 0.371996 0.28365 -0.536628 0.182798
156 0.0725382 -0.206684 0.386431 0.280785 -0.529338 0.179561
157 0.101535 -0.244127 0.375457 0.302441 -0.543587 0.204894
158 0.0978198 -0.230655 0.381889 0.311558 -0.525711 0.232585
159 0.100115 -0.232055 0.378547 0.317339 -0.53512 0.247775
160 0.0971005 -0.211335 0.379062 0.32911 -0.546916 0.248595
161 0.0990033 -0.208223 0.388198 0.320985 -0.562066 0.238495
162 0.103835 -0.223844 0.388449 0.343308 -0.549989 0.237207
163 0.113558 -0.245128 0.423385 0.337085 -0.524864 0.224854
164 0.111321 -0.253631 0.426086 0.351187 -0.514279 0.247158
165 0.150158 -0.240967 0.429645 0.356392 -0.56802 0.256253
166 0.150367 -0.243481 0.405387 0.362173 -0.562092 0.259759
167 0.6526 -0.346 -0.9398 -0.5124 0.3454 -0.551
168 0.148351 -0.254707 0.380896 0.374382 -0.547829 0.25875
169 -0.392 0.9114 0.7314 0.7058 0.6338 0.0788
170 0.167696 -0.232248 0.379935 0.359051 -0.543223 0.283996
171 0.158107 -0.240678 0.369155 0.357517 -0.531489 0.249171
172 0.152115 -0.233754 0.344858 0.378832 -0.535986 0.244317
173 0.155814 -0.247599 0.354178 0.374645 -0.540808 0.233365
174 0.151094 -0.255962 0.370251 0.375643 -0.574996 0.233263
175 0.148538 -0.255088 0.363646 0.382358 -0.552203 0.223273
176 0.146815 -0.227455 0.352258 0.390646 -0.553646 0.202495
177 0.176284 -0.246261 0.347475 0.387817 -0.578218 0.195153
178 0.149748 -0.261716 0.35159 0.379642 -0.564357 0.174845
179 0.141418 -0.230015 0.347503 0.385733 -0.524554 0.175999
180 0.171648 -0.238986 0.357619 0.399412 -0.513402 0.190088
181 0.13731 -0.243783 0.355753 0.406306 -0.512773 0.181192
182 0.149923 -0.25599 0.353352 0.405112 -0.49104 0.160634
183 0.154551 -0.241422 0.363538 0.399629 -0.497691 0.185236
184 0.15921 -0.255703 0.372475 0.403761 -0.490486 0.187537
185 0.183599 -0.230288 0.354904 0.400376 -0.481449 0.178754
186 0.186697 -0.216305 0.36132 0.379619 -0.473602 0.177612
187 0.193253 -0.202458 0.388541 0.370471 -0.490184 0.175502
188 -0.4392 -0.0138 -0.4832 -0.1708 0.2548 0.0558
189 0.152918 -0.199103 0.384808 0.377784 -0.48997 0.19869
190 0.156493 -0.188476 0.393972 0.395394 -0.498429 0.19615
191 0.173746 -0.199369 0.395729 0.395986 -0.488464 0.183854
192 0.172773 -0.176925 0.405533 0.413321 -0.494633 0.199963
193 0.202672 -0.159196 0.396206 0.384532 -0.502217 0.18453
194 0.190764 -0.156301 0.374505 0.398764 -0.50937 0.187899
195 0.198545 -0.178917 0.373257 0.370446 -0.500888 0.18471
196 0.20468 -0.18714 0.382741 0.384916 -0.503474 0.189132
197 -0.3998 0.9464 -0.9244 -0.6236 0.7996 0.8558
198 -0.3998 0.9464 -0.9244 -0.6236 0.7996 0.8558
199 -0.7 0.8928 -0.7308 -0.1964 -0.2806 0.8702
200 0.199374 -0.220647 0.371714 0.439592 -0.497774 0.160599
201 -0.2332 -0.6022 0.0238 -0.7564 0.263 0.6736
202 0.185291 -0.262792 0.385194 0.448715 -0.470228 0.152917
203 0.18341 -0.270312 0.363858 0.434661 -0.462908 0.152929
204 0.163803 -0.276499 0.383868 0.423612 -0.442479 0.14247
205 -0.5712 0.0585999 -0.79 -0.26 0.2936 0.5206
206 -0.5712 0.0585999 -0.79 -0.26 0.2936 0.5206
207 -0.4574 0.2082 -0.3172 -0.4886 0.9286 0.145
208 0.186043 -0.308444 0.368373 0.40802 -0.436392 0.12924
209 0.171382 -0.33908 0.361453 0.416917 -0.426366 0.115432
210 0.203755 -0.325401 0.36958 0.419819 -0.438472 0.122236
211 0.170883 -0.283403 0.357869 0.391469 -0.470238 0.138083
212 0.182046 -0.300728 0.378699 0.367407 -0.466586 0.153399
213 0.5264 0.3974 -0.9356 -0.3002 0.951 0.4674
214 0.15142 -0.32616 0.378665 0.386425 -0.487487 0.132315
215 0.128529 -0.343412 0.361484 0.363538 -0.477035 0.140557
216 0.115295 -0.317053 0.357748 0.331468 -0.476314 0.119135
217 0.134363 -0.346927 0.35343 0.298525 -0.489729 0.133977
218 0.110216 -0.325966 0.340598 0.325357 -0.498552 0.126582
219 0.118945 -0.342947 0.341762 0.340723 -0.4857 0.124212
220 -0.0036 0.961 -0.8364 -0.2492 -0.5302 -0.00220001
221 0.111493 -0.342057 0.324704 0.297349 -0.503962 0.105308
222 0.0791118 -0.344701 0.316111 0.316695 -0.496208 0.0906418
223 0.0878999 -0.341839 0.299246 0.32787 -0.503006 0.124134
224 0.0902825 -0.345627 0.285721 0.318706 -0.50495 0.1279
225 0.0800782 -0.368832 0.271054 0.317351 -0.492838 0.119532
226 0.0660182 -0.348464 0.268217 0.306936 -0.497903 0.112073
227 0.0485769 -0.340155 0.266802 0.290136 -0.492042 0.10979
228 0.0584737 -0.355814 0.215135 0.271752 -0.477346 0.126607
229 0.0412164 -0.372331 0.214107 0.270418 -0.455613 0.109502
230 0.0444015 -0.360312 0.240479 0.255329 -0.448447 0.138995
231 0.0360723 -0.390395 0.214458 0.251054 -0.469291 0.151798
232 0.0609258 -0.397474 0.21288 0.246606 -0.45895 0.137049
233 0.0606363 -0.408069 0.209176 0.253893 -0.452942 0.132538
234 -0.2134 -0.1062 0.8676 0.1072 -0.7226 -0.1422
235 0.0898991 -0.384833 0.225788 0.232504 -0.464793 0.0892874
236 0.0978213 -0.372702 0.211103 0.22001 -0.442872 0.125047
237 0.0844441 -0.351695 0.187145 0.214696 -0.43455 0.140464
238 0.0974795 -0.352047 0.221963 0.213284 -0.430492 0.144033
239 -0.3816 0.1294 -0.2452 -0.4176 0.2942 0.1756
240 0.0913347 -0.359045 0.171643 0.211923 -0.436377 0.143724
241 -0.7392 -0.3834 -0.2118 -0.5498 0.5574 0.7408
242 0.3874 -0.049 -0.3878 -0.4708 -0.2422 0.9678
243 0.0700657 -0.329412 0.180367 0.190448 -0.457875 0.153228
244 0.0738032 -0.327607 0.175103 0.180225 -0.456008 0.180419
245 0.4618 -0.2402 -0.0442 -0.6844 0.1742 0.6416
246 0.4618 -0.2402 -0.0442 -0.6844 0.1742 0.6416
247 0.0796842 -0.314391 0.214744 0.201083 -0.459943 0.147463
248 0.104428 -0.303837 0.228408 0.184921 -0.45062 0.145102
249 0.111642 -0.305254 0.241952 0.168087 -0.453669 0.133356
250 0.123425 -0.308293 0.214166 0.179945 -0.459935 0.142564
251 0.139172 -0.321083 0.247494 0.203461 -0.454851 0.128543
252 0.12986 -0.284168 0.216448 0.182749 -0.449753 0.132398
253 0.2414 0.4054 0.7596 0.1086 -0.0592 0.5604
254 0.2414 0.4054 0.7596 0.1086 -0.0592 0.5604
255 0.143642 -0.299802 0.255865 0.212903 -0.476789 0.114876
256 0.136827 -0.314737 0.244392 0.233158 -0.449228 0.122116
257 0.7164 0.3234 -0.1372 0.5308 -0.9762 -0.3578
258 0.132333 -0.338578 0.2474 0.205041 -0.455755 0.114199
259 0.120679 -0.335108 0.278296 0.192607 -0.478238 0.122558
260 0.111759 -0.338614 0.248594 0.19286 -0.490662 0.113898
261 0.1019 -0.330307 0.241857 0.170858 -0.500358 0.123978
262 0.122366 -0.351589 0.215827 0.171285 -0.474976 0.127515
263 0.104087 -0.368156 0.199376 0.171054 -0.486274 0.127804
264 0.0677688 -0.338721 0.206389 0.174645 -0.490125 0.117182
265 -0.129 0.2302 0.0696 -0.941 0.674 0.3648
266 -0.8718 0.0829999 -0.6832 -0.8446 -0.3842 -0.7088
267 -0.8718 0.0829999 -0.6832 -0.8446 -0.3842 -0.7088
268 -0.899 0.3672 0.856 0.1586 -0.426 0.2018
269 0.036115 -0.35962 0.207783 0.154228 -0.522414 0.1429
270 0.0296137 -0.36211 0.228902 0.139552 -0.534434 0.177744
271 0.0174819 -0.367915 0.212215 0.152512 -0.550447 0.168212
272 0.060917 -0.362807 0.231485 0.164926 -0.517875 0.167346
273 0.9926 0.6072 0.0806 0.4886 -0.7022 -0.736
274 0.0220878 -0.368712 0.247045 0.154291 -0.521722 0.222771
275 0.020052 -0.363735 0.254111 0.163065 -0.504157 0.221689
276 0.0269504 -0.382906 0.228267 0.166368 -0.512454 0.227883
277 0.0162912 -0.375367 0.197365 0.188405 -0.479996 0.239661
278 0.0308731 -0.38075 0.209474 0.205568 -0.501057 0.231847
279 0.1494 0.1646 0.4408 0.2534 -0.9838 -0.4898
280 0.0130088 -0.383205 0.224973 0.221277 -0.482318 0.222185
281 0.00880474 -0.394174 0.204234 0.213882 -0.494365 0.207204
282 0.0303013 -0.38823 0.202956 0.220698 -0.486494 0.196911
283 0.0195865 -0.398093 0.192012 0.224061 -0.477044 0.202631
284 -0.165 -0.6868 0.5302 0.377 0.4698 -0.6582
285 0.0486265 -0.389458 0.205672 0.213074 -0.495593 0.183772
286 0.0683709 -0.375423 0.222644 0.210667 -0.521801 0.201728
287 -0.1072 -0.0734 -0.4426 -0.1234 -0.4628 -0.5312
288 -0.1072 -0.0734 -0.4426 -0.1234 -0.4628 -0.5312
289 0.095147 -0.352636 0.247364 0.223466 -0.514257 0.196817
290 0.0987677 -0.367537 0.248453 0.223313 -0.521906 0.189212
291 0.101939 -0.333644 0.249707 0.230534 -0.549858 0.189829
292 0.0868259 -0.345048 0.240748 0.208022 -0.52674 0.196163
293 0.0883492 -0.334935 0.275205 0.197575 -0.512273 0.200231
294 0.095847 -0.303735 0.287092 0.183724 -0.507086 0.214044
295 0.108123 -0.315233 0.292405 0.155471 -0.520289 0.20627
296 0.0885322 -0.309495 0.274357 0.183444 -0.525348 0.219157
297 0.0780518 -0.301575 0.283139 0.202291 -0.521988 0.221641
298 0.0673749 -0.276395 0.274645 0.199029 -0.52875 0.232513
299 0.0731288 -0.284454 0.288071 0.168464 -0.539931 0.207956
300 -0.0126 0.6656 0.9338 0.5766 0.961 0.7366
301 0.0837681 -0.284103 0.288809 0.193672 -0.558831 0.208016
302 0.102196 -0.301607 0.283103 0.15746 -0.555184 0.194197
303 0.105882 -0.282671 0.27702 0.142766 -0.566008 0.217191
304 0.103658 -0.278631 0.280731 0.126246 -0.595488 0.246879
305 0.0998592 -0.278365 0.251868 0.143053 -0.580343 0.227616
306 -0.438 0.677 -0.3666 -0.2486 0.9674 0.8018
307 0.0860189 -0.264628 0.267831 0.167498 -0.572647 0.213856
308 -0.7826 -0.118 -0.5108 -0.0856 0.4778 0.6782
309 -0.7668 0.8074 -0.7724 -0.7554 0.8462 0.2842
310 -0.7668 0.8074 -0.7724 -0.7554 0.8462 0.2842
311 0.0652322 -0.264076 0.29024 0.153621 -0.563065 0.23003
312 0.0579908 -0.251103 0.299327 0.179711 -0.540155 0.232197
313 0.0932624 -0.274653 0.297034 0.156876 -0.533217 0.238833
314 0.0794378 -0.271999 0.301257 0.168884 -0.528571 0.258402
315 0.0689491 -0.309917 0.302143 0.168641 -0.554057 0.256587
316 0.0866571 -0.303327 0.307001 0.168714 -0.571221 0.248446
317 0.120628 -0.276281 0.286659 0.178105 -0.548691 0.253725
318 0.11178 -0.288945 0.293589 0.15693 -0.54897 0.243348
319 0.11021 -0.234691 0.275611 0.159482 -0.557774 0.287187
320 0.13184 -0.251171 0.274881 0.167615 -0.567905 0.276152
321 0.14075 -0.236807 0.301261 0.160857 -0.55768 0.267478
322 0.143385 -0.22946 0.284439 0.167329 -0.560473 0.247013
323 0.143494 -0.233698 0.320223 0.135668 -0.555772 0.235872
324 0.142971 -0.22462 0.333478 0.121069 -0.543245 0.215244
325 0.124136 -0.241667 0.321753 0.120213 -0.523933 0.199976
326 0.136218 -0.234514 0.32393 0.119472 -0.548516 0.208024
327 0.144082 -0.236027 0.313082 0.097053 -0.515453 0.20289
328 0.167118 -0.228194 0.31429 0.105724 -0.51749 0.222441
329 0.150261 -0.230301 0.320458 0.104018 -0.536087 0.230696
330 0.123013 -0.213406 0.337267 0.0935713 -0.498537 0.223493
331 0.118183 -0.22331 0.348801 0.0729503 -0.500286 0.23156
332 0.104048 -0.216153 0.347 0.0741899 -0.501233 0.230952
333 0.0792358 -0.227252 0.363673 0.0567005 -0.487116 0.249689
334 0.0860475 -0.228128 0.379734 0.0757454 -0.481699 0.245247
335 0.099459 -0.236367 0.367741 0.072442 -0.493428 0.227834
336 0.122734 -0.237599 0.358725 0.0643078 -0.489759 0.259096
337 0.146488 -0.24872 0.376287 0.0702754 -0.472394 0.267901
338 0.133787 -0.258222 0.374528 0.0459635 -0.496031 0.286473
339 0.127627 -0.260598 0.352849 0.0231073 -0.48352 0.280368
340 0.1338 -0.250893 0.366164 0.00615837 -0.489434 0.270865
341 0.108088 -0.247069 0.379695 0.00873065 -0.504545 0.271346
342 0.122868 -0.267156 0.362697 0.00897633 -0.535572 0.275971
343 0.104178 -0.274221 0.363604 0.0329412 -0.520511 0.288326
344 0.0698293 -0.245919 0.336622 0.0191168 -0.512933 0.299721
345 0.120623 -0.262208 0.324699 0.035774 -0.511173 0.271435
346 0.126943 -0.239883 0.342575 0.00673156 -0.505493 0.258003
347 0.127666 -0.227092 0.363097 0.0136775 -0.495913 0.245767
348 0.14094 -0.25019 0.355482 0.0244685 -0.504488 0.228718
349 0.131337 -0.243679 0.340114 0.00834231 -0.498142 0.244579
350 0.118783 -0.225655 0.31448 0.0244432 -0.456218 0.263399
351 0.103125 -0.2595 0.329715 0.00973133 -0.466282 0.257992
352 0.102699 -0.229861 0.339931 0.00913338 -0.445535 0.287531
353 0.0891736 -0.24207 0.349232 0.0160187 -0.445708 0.29141
354 0.0748093 -0.268504 0.328652 0.00329458 -0.475755 0.287072
355 0.0943233 -0.277556 0.306413 0.000208088 -0.475658 0.27468
356 0.114714 -0.274882 0.332241 0.0145063 -0.493362 0.271909
357 0.074681 -0.281696 0.329244 0.0118888 -0.504017 0.289345
358 0.064423 -0.237579 0.318603 0.0138936 -0.506168 0.280048
359 0.0664997 -0.246799 0.323677 0.0183298 -0.510015 0.309346
360 0.0789182 -0.252852 0.319008 0.0239616 -0.519565 0.313332
361 0.0769035 -0.244065 0.295965 0.00940318 -0.51151 0.295707
362 0.103092 -0.240115 0.319516 0.0182194 -0.524168 0.274704
363 0.0820103 -0.202443 0.330044 0.00717336 -0.522271 0.317991
364 0.100572 -0.211691 0.324143 0.00716284 -0.513603 0.322119
365 0.100438 -0.216635 0.325491 0.0125812 -0.500601 0.314188
366 0.0766233 -0.222969 0.332335 0.018565 -0.476355 0.327937
367 0.0768233 -0.209898 0.327975 0.0330537 -0.496693 0.310076
368 0.0462491 -0.214185 0.318698 0.021212 -0.496832 0.295031
369 0.0643971 -0.211092 0.306806 0.0225217 -0.471846 0.285278
370 0.0558158 -0.203284 0.283368 0.0311279 -0.474204 0.300591
371 0.0370993 -0.180666 0.256088 0.00981088 -0.469212 0.295883
372 0.0223075 -0.144398 0.283028 0.0126119 -0.470104 0.305294
373 -0.000447833 -0.139458 0.274316 0.0214875 -0.475796 0.319934
374 0.00136133 -0.131577 0.286126 0.0223952 -0.453445 0.310391
375 0.000327109 -0.14318 0.258212 0.0148818 -0.451742 0.317534
376 0.0250393 -0.13473 0.285159 0.00139541 -0.446466 0.338543
377 0.00517954 -0.152686 0.28679 0.00848733 -0.42634 0.336873
378 -0.00631368 -0.139424 0.281795 0.0208487 -0.441032 0.341632
379 0.00687762 -0.141884 0.288937 0.040354 -0.467613 0.336841
380 0.00981294 -0.126929 0.272105 0.0183527 -0.435456 0.3118
381 -0.00254628 -0.125281 0.265214 0.0228924 -0.438592 0.324922
382 0.00357652 -0.134509 0.264804 0.0017092 -0.43659 0.33344
383 -0.00779657 -0.142192 0.281091 0.018638 -0.425457 0.347534
384 -0.0231889 -0.155241 0.295182 0.013382 -0.409871 0.348317
385 -0.0302628 -0.15884 0.286161 0.00199514 -0.386907 0.349731
386 -0.0279152 -0.150645 0.271374 0.0271511 -0.399814 0.364265
387 -0.0220843 -0.16393 0.278681 0.00933147 -0.403525 0.357389
388 -0.027767 -0.18397 0.258768 0.0104339 -0.405695 0.331371
389 -0.00647952 -0.183884 0.253347 0.0140453 -0.387376 0.35132
390 -0.0300765 -0.230039 0.246819 0.0177163 -0.403893 0.350437
391 -0.0165092 -0.207984 0.26982 0.00751241 -0.376202 0.354118
392 -0.015616 -0.196947 0.255773 0.0216549 -0.391003 0.34031
393 -0.0461241 -0.227618 0.257516 0.00741396 -0.389273 0.324269
394 -0.055066 -0.228559 0.248419 0.0273637 -0.368105 0.346206
395 -0.0910349 -0.201578 0.2639 0.00583845 -0.36533 0.325253
396 -0.0837759 -0.191643 0.247656 0.0135976 -0.358643 0.30021
397 -0.0932638 -0.22382 0.255389 0.0287203 -0.346345 0.294752
398 -0.0852901 -0.216123 0.254804 0.00280037 -0.346181 0.283561
399 -0.0587692 -0.210662 0.27253 0.0171856 -0.367157 0.31296
400 -0.0826953 -0.21063 0.295255 0.0446358 -0.369726 0.295199
401 -0.127269 -0.212028 0.281799 0.0680883 -0.375746 0.301372
402 -0.139425 -0.227026 0.283162 0.0418067 -0.384359 0.283191
403 -0.15812 -0.225876 0.285064 0.0263983 -0.407557 0.295151
404 -0.163528 -0.2298 0.273194 0.0360276 -0.425301 0.278274
405 -0.176237 -0.197634 0.252295 0.0429571 -0.428743 0.271837
406 -0.170708 -0.209902 0.269238 0.0594519 -0.435736 0.294389
407 -0.167921 -0.195298 0.252987 0.044253 -0.421575 0.278104
408 -0.146158 -0.201956 0.265885 0.0364147 -0.445565 0.282279
409 -0.118859 -0.174835 0.247804 0.02827 -0.43487 0.264026
410 -0.117794 -0.188273 0.250367 0.0240543 -0.414192 0.260745
411 -0.122851 -0.186649 0.261084 0.0166419 -0.425088 0.24838
412 -0.133179 -0.191339 0.24288 0.00394598 -0.431346 0.234729
413 -0.106173 -0.183136 0.235311 0.00167493 -0.417012 0.233851
414 -0.116311 -0.202 0.223752 0.000581486 -0.395202 0.242821
415 -0.102486 -0.199154 0.215192 0.00633532 -0.410734 0.230192
416 -0.102486 -0.199154 0.215192 0.00633532 -0.410734 0.230192
417 -0.102486 -0.199154 0.215192 0.00633532 -0.410734 0.230192
418 -0.12645 -0.212166 0.184403 -0.0156657 -0.413502 0.277913
419 -0.136325 -0.21638 0.19349 0.00532107 -0.41583 0.288421
420 -0.125326 -0.210437 0.180417 0.0328283 -0.429923 0.262905
421 -0.132281 -0.197361 0.17299 0.0163571 -0.424071 0.267572
422 -0.132547 -0.202683 0.181949 0.00413992 -0.416467 0.243924
423 -0.0902358 -0.21547 0.190863 0.00863609 -0.426324 0.232646
424 -0.0915145 -0.204475 0.200566 0.025904 -0.416344 0.247992
425 -0.0678675 -0.168803 0.208955 0.0145844 -0.422633 0.231731
426 -0.0864471 -0.179394 0.186602 0.0145976 -0.400369 0.257803
427 -0.0900864 -0.190126 0.155152 0.000925911 -0.418874 0.25865
428 -0.0962087 -0.181255 0.156329 0.0151036 -0.413196 0.295461
429 -0.0762799 -0.174961 0.14802 0.0520492 -0.415891 0.277544
430 -0.0692945 -0.193115 0.169713 0.0308755 -0.414438 0.274144
431 -0.0570242 -0.191653 0.189423 0.0145025 -0.388031 0.264076
432 -0.0414852 -0.170152 0.192229 0.0310908 -0.380291 0.285181
433 -0.0390494 -0.188467 0.185974 0.0249411 -0.40559 0.263646
434 -0.0307628 -0.190932 0.18117 0.0040312 -0.40777 0.288685
435 -0.0271505 -0.1895 0.146 0.0504372 -0.406308 0.289737
436 -0.0471103 -0.192977 0.140743 0.0489668 -0.412256 0.29044
437 -0.0423246 -0.219174 0.133094 0.0327295 -0.375164 0.311955
438 -0.0397885 -0.21424 0.152509 0.0367552 -0.379652 0.293905
439 -0.0303072 -0.23272 0.129953 0.0381513 -0.378095 0.308693
440 -0.0154875 -0.237996 0.141614 0.0323319 -0.384944 0.304836
441 -0.002201 -0.261752 0.122939 0.00662261 -0.372656 0.265205
442 -0.00447667 -0.286074 0.102871 0.0160201 -0.402272 0.286898
443 -0.000790504 -0.265708 0.0886559 0.0126428 -0.403965 0.300242
444 -0.00933787 -0.276905 0.0810874 0.00596395 -0.390243 0.317103
445 0.00942389 -0.287589 0.0601676 0.0145917 -0.382051 0.325694
446 0.031302 -0.294889 0.0834044 0.0127207 -0.410033 0.318508
447 -0.000675162 -0.303577 0.0860418 0.0149142 -0.400745 0.313457
448 0.00807489 -0.302297 0.0705686 0.0267061 -0.424429 0.296406
449 -0.000446607 -0.286738 0.0913493 0.0350722 -0.382927 0.298286
450 -0.0187912 -0.300628 0.0991404 0.0309015 -0.361982 0.301221
451 -0.0375054 -0.300002 0.110753 0.00792954 -0.393795 0.305335
452 -0.0161686 -0.294784 0.129192 0.0109453 -0.400922 0.307558
453 -0.0161898 -0.297273 0.105326 0.0271881 -0.360519 0.282781
454 -0.0385046 -0.313311 0.0837952 0.0228075 -0.358747 0.273251
455 0.000578685 -0.3306 0.0978132 0.0111568 -0.374844 0.28492
456 -0.0200052 -0.299095 0.0917819 0.0207463 -0.360833 0.28798
457 -0.0432371 -0.333008 0.0900828 0.0056999 -0.367169 0.273196
458 -0.0322467 -0.313058 0.0902477 0.0166602 -0.371493 0.287235
459 -0.0372158 -0.323578 0.0881203 0.00590328 -0.380271 0.30563
460 -0.0255783 -0.326166 0.0803358 0.00299608 -0.389096 0.289643
461 -0.0382141 -0.325445 0.0871903 0.0129338 -0.40761 0.317943
462 -0.0106916 -0.322691 0.0656212 0.00732863 -0.404175 0.299073
463 -0.0302282 -0.348722 0.0690211 0.00926379 -0.408828 0.289752
464 -0.0401975 -0.350101 0.0890458 0.0162558 -0.412611 0.277577
465 -0.0501345 -0.350998 0.0691732 0.0179638 -0.421257 0.284917
466 -0.0452788 -0.359426 0.0571616 0.0102463 -0.437779 0.308364
467 -0.0608244 -0.350492 0.0402339 0.00738293 -0.415722 0.254946
468 -0.0724566 -0.339336 0.0436185 0.00463723 -0.420097 0.278799
469 -0.0881563 -0.344952 0.0634549 0.00562217 -0.426055 0.268835
470 -0.0640001 -0.34407 0.0594483 0.0110016 -0.409443 0.288121
471 -0.0795788 -0.342251 0.0559598 0.00368044 -0.412361 0.255465
472 -0.107641 -0.347908 0.0669236 0.0225403 -0.390601 0.262213
473 -0.0871598 -0.36066 0.0563019 0.00736701 -0.401848 0.254841
474 -0.104155 -0.348626 0.0662339 0.0157617 -0.385976 0.241493
475 -0.0796667 -0.356558 0.0486237 0.00728478 -0.388447 0.240521
476 -0.0736051 -0.366003 0.0437927 0.00010896 -0.38566 0.23881
477 -0.0627717 -0.360758 0.0478643 2.73322e-05 -0.383684 0.227052
478 -0.0540156 -0.358477 0.0356172 0.000617807 -0.379036 0.234465
479 -0.054957 -0.345397 0.0437899 0.00441503 -0.392674 0.238383
480 -0.0569896 -0.367594 0.0374633 0.0232233 -0.375339 0.236743
481 -0.0815115 -0.375601 0.0354473 0.00800441 -0.382028 0.261543
482 -0.0827913 -0.366696 0.0381407 0.00568453 -0.40084 0.258017
483 -0.0554306 -0.370491 0.0594036 0.000182421 -0.413416 0.243847
484 -0.0680408 -0.37717 0.041477 0.00618168 -0.411904 0.235806
485 -0.0544815 -0.38892 0.0688142 0.000797369 -0.415257 0.225017
486 -0.0379889 -0.408946 0.0714902 0.0115715 -0.418091 0.230589
487 -0.0633722 -0.396964 0.0775446 0.00739344 -0.40615 0.204302
488 -0.0809189 -0.38176 0.0902366 0.00956978 -0.432063 0.221346
489 -0.0859425 -0.388858 0.079316 0.00870846 -0.421244 0.247162
490 -0.0746805 -0.372752 0.0831625 0.0161231 -0.418486 0.249265
491 -0.0885863 -0.382443 0.073093 0.00806376 -0.418003 0.27226
492 -0.0898865 -0.383664 0.0429905 0.0172429 -0.439916 0.256652
493 -0.0716657 -0.37664 0.0798525 0.00655267 -0.441149 0.247004
494 -0.0584475 -0.376524 0.075509 0.0324294 -0.4636 0.276682
495 -0.0820436 -0.383683 0.0812755 0.0206256 -0.453849 0.295664
496 -0.0778612 -0.373566 0.0941368 0.0259857 -0.470076 0.305225
497 -0.0721564 -0.35327 0.10905 0.00905337 -0.456605 0.258517
498 -0.0910085 -0.360895 0.0971378 0.0216866 -0.465736 0.262838
499 -0.121446 -0.338338 0.110684 0.0112005 -0.462366 0.265535
500 -0.119465 -0.353664 0.137089 0.0282491 -0.425124 0.271017
501 -0.114812 -0.366956 0.131198 0.031486 -0.449363 0.28635
502 -0.0996838 -0.342074 0.0933159 0.00338952 -0.422291 0.277838
503 -0.12241 -0.344236 0.116427 0.00759927 -0.400867 0.287725
504 -0.125148 -0.345691 0.0940495 0.0206626 -0.396257 0.276773
505 -0.103706 -0.340061 0.0932225 0.0329389 -0.390778 0.28174
506 -0.096179 -0.351135 0.0786883 0.0359032 -0.380451 0.291358
507 -0.084243 -0.349555 0.103418 0.0149115 -0.399099 0.287346
508 -0.102918 -0.324556 0.071413 0.0299637 -0.38352 0.265433
509 -0.0888044 -0.328919 0.0743492 0.00158987 -0.366343 0.265149
510 -0.106576 -0.344845 0.0722351 0.00333861 -0.367596 0.262907
511 -0.120786 -0.328025 0.0727205 0.00807451 -0.386794 0.246099
512 -0.116211 -0.338902 0.0928166 0.0253101 -0.405471 0.241582
513 -0.116828 -0.340501 0.100387 0.0205614 -0.382549 0.227098
514 -0.0932997 -0.332517 0.124812 0.0295079 -0.382162 0.212828
515 -0.066359 -0.348531 0.118097 0.0129432 -0.382234 0.228035
516 -0.0487458 -0.335698 0.126897 0.00514109 -0.403541 0.203328
517 -0.0792831 -0.338918 0.123 0.00700557 -0.376983 0.220964
518 -0.0934887 -0.346128 0.147684 0.0324054 -0.38303 0.232298
519 -0.13515 -0.344082 0.107371 0.0444691 -0.402216 0.244897
520 -0.145533 -0.367812 0.117993 0.0159329 -0.397968 0.248071
521 -0.176071 -0.340595 0.111783 0.00940087 -0.387331 0.239898
522 -0.18432 -0.347592 0.130847 0.0178916 -0.376752 0.246664
523 -0.218703 -0.3495 0.135751 0.00713478 -0.382645 0.26566
524 -0.204988 -0.332755 0.135992 0.000720601 -0.38466 0.242714
525 -0.21473 -0.337774 0.113337 0.00443003 -0.367229 0.256482
526 -0.220298 -0.321157 0.125903 0.0138651 -0.393728 0.275719
527 -0.216607 -0.312646 0.127859 0.0305775 -0.393457 0.282339
528 -0.197764 -0.320825 0.13156 0.0310806 -0.396051 0.30483
529 -0.222321 -0.311659 0.138413 0.0279404 -0.372009 0.281678
530 -0.200008 -0.321531 0.151418 0.0216005 -0.390252 0.272646
531 -0.206636 -0.310431 0.158533 0.0368979 -0.390819 0.266823
532 -0.23788 -0.317175 0.171313 0.0426227 -0.383655 0.261493
533 -0.240416 -0.328072 0.150293 0.0584631 -0.400361 0.253914
534 -0.240105 -0.31006 0.171216 0.0538334 -0.390938 0.272605
535 -0.21451 -0.296335 0.156119 0.0219718 -0.384197 0.258003
536 -0.212519 -0.286284 0.141996 0.00717198 -0.399248 0.260692
537 -0.193834 -0.280145 0.146437 0.00724766 -0.39367 0.252101
538 -0.207262 -0.287558 0.150476 0.00358354 -0.390329 0.298433
539 -0.205287 -0.267424 0.16263 0.00514935 -0.406457 0.275635
540 -0.20634 -0.286542 0.171975 0.00368794 -0.381232 0.296069
541 -0.199027 -0.275532 0.160712 0.00696757 -0.366842 0.316544
542 -0.155422 -0.264784 0.167703 0.0286673 -0.376836 0.31672
543 -0.144937 -0.256659 0.179612 0.0165184 -0.379335 0.324996
544 -0.163715 -0.274068 0.165125 0.0279281 -0.385282 0.317432
545 -0.150938 -0.268108 0.155018 0.00511581 -0.377777 0.34646
546 -0.135284 -0.284733 0.15471 0.029366 -0.368619 0.337188
547 -0.126596 -0.27415 0.202352 0.015846 -0.361502 0.332513
548 -0.119859 -0.296851 0.18906 0.0105211 -0.346447 0.354368
549 -0.0784004 -0.274654 0.20119 0.021238 -0.325082 0.33531
550 -0.0717405 -0.268721 0.183897 0.00925223 -0.338607 0.330296
551 -0.0703668 -0.273206 0.188488 0.0154231 -0.309821 0.336554
552 -0.0829117 -0.288967 0.191034 0.0112701 -0.295664 0.311429
553 -0.0873173 -0.290122 0.153163 0.00837333 -0.279226 0.308351
554 -0.0962819 -0.306777 0.13246 0.0234771 -0.296878 0.33396
555 -0.109895 -0.329131 0.118894 0.00899579 -0.340105 0.338806
556 -0.106685 -0.31655 0.08945 0.0256978 -0.329829 0.352233
557 -0.0892524 -0.285321 0.104895 0.0201003 -0.33065 0.379502
558 -0.10771 -0.308495 0.0957128 0.0250049 -0.335407 0.365492
559 -0.0951208 -0.304782 0.108865 0.00245598 -0.343788 0.396884
560 -0.0932233 -0.310005 0.119658 0.0211718 -0.346946 0.414521
561 -0.0964997 -0.291924 0.095846 0.0104628 -0.364538 0.417999
562 -0.119687 -0.277852 0.0945461 0.0313428 -0.379833 0.397713
563 -0.0837367 -0.294056 0.0774789 0.00654581 -0.351498 0.391077
564 -0.0996818 -0.282522 0.1043 0.00926725 -0.365474 0.399615
565 -0.100875 -0.260499 0.113241 0.00759178 -0.383879 0.418247
566 -0.0964787 -0.234845 0.0861066 0.0400922 -0.380787 0.414178
567 -0.100448 -0.243145 0.0731941 0.00185632 -0.385896 0.428627
568 -0.11982 -0.254956 0.0872585 0.0180713 -0.400922 0.4298
569 -0.0973251 -0.251696 0.0811682 0.0189573 -0.415525 0.441733
570 -0.11328 -0.262915 0.0704781 0.0208597 -0.419597 0.43283
571 -0.108506 -0.258347 0.0576907 0.0115064 -0.420546 0.417901
572 -0.102762 -0.252804 0.0566949 0.00129124 -0.408235 0.401427
573 -0.0885098 -0.239919 0.0537428 0.0184064 -0.40569 0.407742
574 -0.0696726 -0.248158 0.0718215 0.000844595 -0.412578 0.405422
575 -0.0557583 -0.22638 0.0717669 0.0298304 -0.426378 0.400858
576 -0.0541136 -0.234796 0.0660196 0.0014937 -0.421063 0.396604
577 -0.0648593 -0.227127 0.0743675 0.00203368 -0.421728 0.375849
578 -0.0796708 -0.243183 0.0541057 0.000782597 -0.412539 0.372518
579 -0.0280419 -0.196117 0.0582192 0.00813032 -0.423042 0.389864
580 -0.0197556 -0.20401 0.0581274 0.00301992 -0.415531 0.387409
581 -0.0432547 -0.190795 0.0726778 0.0106963 -0.39913 0.396604
582 -0.0307617 -0.197265 0.0804426 0.000721905 -0.385541 0.380679
583 -0.0518913 -0.221853 0.0678129 0.00968118 -0.385796 0.372561
584 -0.0299008 -0.212552 0.0805583 0.0122313 -0.403517 0.387717
585 -0.024244 -0.212114 0.0874149 0.00279044 -0.385611 0.356354
586 -0.00473829 -0.209573 0.0823561 0.00214918 -0.380435 0.350419
587 -0.0172403 -0.195181 0.109635 0.0151411 -0.39573 0.362318
588 -0.0240478 -0.241302 0.12607 0.00964074 -0.389663 0.347171
589 -0.04257 -0.239944 0.124187 0.00851247 -0.402669 0.332581
590 -0.029085 -0.241983 0.116936 0.0108412 -0.399573 0.342593
591 -0.0196914 -0.230425 0.125905 0.00380698 -0.404204 0.322494
592 -0.038029 -0.25698 0.121337 0.00254248 -0.432719 0.302226
593 -0.0351362 -0.242627 0.11884 0.00201116 -0.426294 0.324491
594 -0.0453818 -0.261644 0.0925869 0.0281768 -0.413546 0.309058
595 -0.06634 -0.237073 0.0853887 0.0188833 -0.387782 0.293891
596 -0.0600699 -0.223208 0.0877684 0.019628 -0.370277 0.302405
597 -0.0449223 -0.270417 0.0802836 0.00513639 -0.376451 0.287679
598 -0.0612772 -0.251388 0.0803737 0.00910086 -0.348927 0.312174
599 -0.0562785 -0.247976 0.0699358 0.00719458 -0.344761 0.323079
600 -0.0525808 -0.252638 0.0562661 0.00619459 -0.326529 0.347627
601 -0.0361374 -0.252537 0.0435282 0.00216977 -0.331666 0.30203
602 -0.0452285 -0.28258 0.0364286 0.0014791 -0.319308 0.285641
603 -0.01312 -0.27718 0.0497194 0.00703063 -0.283135 0.278418
604 -0.0204272 -0.263925 0.0441683 0.00564499 -0.266781 0.276566
605 0.00345753 -0.272925 0.0419683 0.0191666 -0.28517 0.255899
606 -0.00909762 -0.284146 0.0591675 0.0134309 -0.305114 0.263561
607 -0.00182007 -0.295606 0.0707612 0.0164884 -0.313821 0.244478
608 -0.0109831 -0.29162 0.0587642 0.00375153 -0.293553 0.232467
609 -0.0133647 -0.280097 0.0465594 0.0106286 -0.299946 0.248132
610 -0.0385856 -0.315294 0.0372541 0.00825513 -0.293841 0.267645
611 -0.0373336 -0.307004 0.0514591 0.0289404 -0.311337 0.266496
612 -0.0320592 -0.297419 0.0564265 0.0107542 -0.257539 0.308884
613 -0.0603306 -0.321702 0.0376128 0.023483 -0.229197 0.28856
614 -0.0524758 -0.294806 0.0630052 0.00410023 -0.231211 0.27355
615 -0.0390811 -0.296125 0.0500043 0.00383125 -0.194994 0.274144
616 -0.0512696 -0.274954 0.0654227 0.00266917 -0.193964 0.234345
617 -0.0400661 -0.295557 0.0601818 0.00833109 -0.201703 0.239594
618 -0.0368331 -0.294451 0.0808424 0.00159892 -0.202865 0.250066
619 -0.0491888 -0.312842 0.0811633 0.0082908 -0.195173 0.226038
620 -0.044446 -0.297929 0.0955734 0.0167894 -0.176206 0.244133
621 -0.0485952 -0.288888 0.0860799 0.00910645 -0.144205 0.223413
622 -0.040696 -0.321967 0.111048 0.010329 -0.147896 0.241922
623 -0.0441262 -0.307834 0.105556 0.0158742 -0.155688 0.228649
624 -0.0593907 -0.312101 0.0984406 0.0340878 -0.121199 0.204411
625 -0.0540921 -0.285552 0.091958 0.0348308 -0.136877 0.20325
626 -0.0574634 -0.283337 0.0982831 0.0338242 -0.147037 0.21424
627 -0.0783007 -0.281001 0.138317 0.00643456 -0.147542 0.22343
628 -0.0738946 -0.305691 0.163254 0.0261842 -0.151352 0.193895
629 -0.101038 -0.309752 0.153759 0.00882199 -0.16492 0.166789
630 -0.102847 -0.288891 0.188187 0.0115188 -0.148682 0.162589
631 -0.118912 -0.299171 0.206159 0.0182598 -0.163046 0.137898
632 -0.0897966 -0.28583 0.203444 0.0109059 -0.143042 0.143583
633 -0.0714142 -0.294412 0.194589 0.00643152 -0.169796 0.153759
634 -0.0772811 -0.27319 0.195026 0.0261459 -0.181646 0.145853
635 -0.0890452 -0.286249 0.172891 0.0109925 -0.139197 0.182665
636 -0.0960691 -0.274479 0.181697 0.00414449 -0.125379 0.176785
637 -0.108964 -0.267303 0.160528 0.0139048 -0.153941 0.184904
638 -0.0893442 -0.296235 0.167742 0.0235951 -0.165952 0.161491
639 -0.0923188 -0.277663 0.158108 0.0074169 -0.148985 0.149459
640 -0.0963831 -0.27071 0.164164 0.0138172 -0.163574 0.14399
641 -0.0955819 -0.277107 0.136998 0.00384608 -0.174824 0.134379
642 -0.116544 -0.267285 0.163495 0.00232702 -0.137744 0.135475
643 -0.112207 -0.248886 0.182118 0.0276521 -0.176544 0.156739
644 -0.118686 -0.257106 0.184573 0.0422014 -0.163992 0.141343
645 -0.0904638 -0.242624 0.176716 0.0341777 -0.166132 0.148606
646 -0.119836 -0.244497 0.174036 0.0217272 -0.150435 0.158532
647 -0.108803 -0.243012 0.159477 0.0283526 -0.167794 0.137908
648 -0.102928 -0.221277 0.151638 0.0254629 -0.154702 0.151344
649 -0.116451 -0.216529 0.151623 0.0366344 -0.149611 0.166205
650 -0.114045 -0.236088 0.154148 0.0395935 -0.158273 0.159333
651 -0.0963394 -0.222631 0.126365 0.00788055 -0.123096 0.174084
652 -0.0732567 -0.18595 0.147694 0.0496361 -0.104468 0.1811
653 -0.100121 -0.195641 0.14502 0.0263462 -0.0977821 0.182637
654 -0.0998571 -0.205409 0.122899 0.0418444 -0.0933711 0.176011
655 -0.0930687 -0.245885 0.117115 0.0406867 -0.0967504 0.173171
656 -0.10689 -0.229036 0.1378 0.022921 -0.104089 0.190506
657 -0.107041 -0.237783 0.176423 0.0203246 -0.0886385 0.203563
658 -0.102408 -0.224351 0.174887 0.0123863 -0.0584687 0.207988
659 -0.109987 -0.245249 0.174564 0.000975274 -0.0506692 0.209837
660 -0.107167 -0.232789 0.164142 0.0337544 -0.0400963 0.187301
661 -0.107341 -0.238129 0.1749 0.00425663 -0.0645957 0.187634
662 -0.114132 -0.238184 0.143151 0.0174145 -0.0343284 0.195418
663 -0.127585 -0.250612 0.150073 0.021084 -0.0329235 0.197257
664 -0.12608 -0.233076 0.163122 0.00753773 -0.0301571 0.189533
665 -0.155193 -0.24269 0.153145 0.00112019 -0.0247313 0.192911
666 -0.131743 -0.247754 0.162699 0.0282553 -0.0347334 0.187098
667 -0.11777 -0.235913 0.170395 0.0211401 -0.0378243 0.189134
668 -0.0980434 -0.246238 0.176571 0.019328 -0.0665857 0.179283
669 -0.0886131 -0.260136 0.196155 0.00557739 -0.0348414 0.172549
670 -0.0972433 -0.259785 0.197331 0.018524 -0.0568842 0.194619
671 -0.0983442 -0.2635 0.197336 0.0213272 -0.0289789 0.197249
672 -0.100304 -0.277575 0.195242 0.0214361 -0.0362571 0.171806
673 -0.0854619 -0.269876 0.201653 0.0381338 -0.0106656 0.16287
674 -0.090004 -0.268159 0.184293 0.0291124 -0.0516426 0.184242
675 -0.0758903 -0.273201 0.216271 0.0528323 -0.0507 0.190678
676 -0.0549537 -0.270463 0.230802 0.0237162 -0.0595274 0.179457
677 -0.0668446 -0.311177 0.224738 0.0158703 -0.0493745 0.198596
678 -0.0441051 -0.283844 0.231768 0.0262669 -0.0366903 0.203799
679 -0.0263136 -0.291012 0.235168 0.061021 -0.0440248 0.226614
