0 -0.5654 0.7082 0.8538 -0.5078 -0.9334 0.192
1 -0.398758 0.375745 0.246669 -0.184856 -0.499055 -0.128705
2 -0.363092 0.347543 0.262635 -0.149546 -0.491053 -0.130448
3 -0.37905 0.358497 0.260432 -0.156388 -0.479177 -0.114605
4 -0.366471 0.368573 0.269647 -0.163234 -0.490209 -0.102437
5 -0.346539 0.365112 0.254066 -0.151107 -0.497594 -0.10803
6 -0.32969 0.389581 0.265874 -0.144701 -0.504407 -0.114145
7 -0.344437 0.405494 0.249785 -0.15481 -0.510255 -0.120098
8 -0.357179 0.401074 0.27003 -0.143329 -0.520219 -0.112642
9 -0.339814 0.401427 0.278223 -0.151499 -0.527066 -0.124858
10 -0.361683 0.400841 0.255829 -0.158002 -0.542819 -0.140575
11 -0.345312 0.371346 0.255057 -0.142535 -0.534636 -0.135457
12 -0.335718 0.38279 0.239998 -0.14758 -0.537764 -0.105859
13 -0.6356 -0.7478 0.5366 0.6178 0.3374 0.8748
14 -0.348738 0.396404 0.224206 -0.138196 -0.539254 -0.115543
15 -0.368933 0.400377 0.228195 -0.135087 -0.569514 -0.116945
16 -0.338243 0.401686 0.241414 -0.152903 -0.549466 -0.123753
17 -0.34213 0.397336 0.235617 -0.155484 -0.5634 -0.133868
18 -0.384555 0.375081 0.21107 -0.131757 -0.570917 -0.132785
19 -0.35526 0.37855 0.21894 -0.138887 -0.575503 -0.117333
20 -0.369001 0.377671 0.214029 -0.133643 -0.587024 -0.129401
21 0.7218 0.6684 0.026 0.611 0.241 0.3372
22 0.7218 0.6684 0.026 0.611 0.241 0.3372
23 0.2424 0.6298 -0.428 0.1368 -0.68 -0.4554
24 0.2424 0.6298 -0.428 0.1368 -0.68 -0.4554
25 -0.356382 0.435797 0.202296 -0.101854 -0.566054 -0.0860691
26 -0.3792 0.0158 0.6554 -0.9748 -0.5178 0.0738
27 -0.3792 0.0158 0.6554 -0.9748 -0.5178 0.0738
28 -0.363001 0.440358 0.185502 -0.0929424 -0.570135 -0.113981
29 0.9918 -0.63 0.095 0.6478 0.2726 -0.9706
30 -0.354904 0.437621 0.165493 -0.0841463 -0.600069 -0.121638
31 -0.337507 0.423393 0.185058 -0.0849122 -0.611852 -0.117559
32 -0.33879 0.412673 0.187866 -0.0854675 -0.587995 -0.147527
33 -0.5852 0.7502 0.4362 0.6428 0.327 -0.7306
34 -0.331569 0.416083 0.192604 -0.108674 -0.588928 -0.145851
35 -0.309605 0.410587 0.214493 -0.111116 -0.593662 -0.160659
36 -0.0588 -0.0732 -0.8004 0.2542 0.3456 0.6566
37 0.5208 0.5058 -0.8566 -0.5088 -0.484 -0.644
38 0.5208 0.5058 -0.8566 -0.5088 -0.484 -0.644
39 -0.356594 0.41858 0.143686 -0.111967 -0.626247 -0.197711
40 -0.360282 0.411568 0.145453 -0.12344 -0.639017 -0.186511
41 -0.8636 -0.0468 0.9176 0.7824 0.6496 -0.5746
42 -0.336431 0.405431 0.162338 -0.106448 -0.634284 -0.192096
43 -0.348054 0.411205 0.152736 -0.12676 -0.62981 -0.207794
44 -0.353816 0.388395 0.170463 -0.131488 -0.623526 -0.200744
45 0.7042 0.2396 0.488 -0.3642 -0.3408 -0.1512
46 0.7042 0.2396 0.488 -0.3642 -0.3408 -0.1512
47 0.8558 0.0972 -0.4776 -0.8454 0.2208 0.8884
48 0.8558 0.0972 -0.4776 -0.8454 0.2208 0.8884
49 -0.5382 -0.2596 -0.2314 0.3956 0.6914 -0.8036
50 -0.30524 0.335924 0.172622 -0.108961 -0.632284 -0.259891
51 -0.288966 0.323988 0.159748 -0.117687 -0.613677 -0.242517
52 -0.324347 0.333948 0.17436 -0.138887 -0.638218 -0.259881
53 -0.0298 0.9312 -0.7586 0.8084 -0.5982 -0.038
54 -0.0298 0.9312 -0.7586 0.8084 -0.5982 -0.038
55 0.3406 0.7456 -0.7118 -0.8404 -0.8522 0.8612
56 0.3406 0.7456 -0.7118 -0.8404 -0.8522 0.8612
57 -0.35616 0.371131 0.128138 -0.129078 -0.573263 -0.221638
58 -0.336247 0.344846 0.139409 -0.104055 -0.577051 -0.220198
59 -0.324816 0.342972 0.147148 -0.088992 -0.57176 -0.217016
60 -0.316155 0.356167 0.161876 -0.0478727 -0.589021 -0.261292
61 -0.875 0.1448 0.8658 -0.1952 0.1016 0.2314
62 -0.875 0.1448 0.8658 -0.1952 0.1016 0.2314
63 -0.321058 0.375302 0.131189 -0.0726301 -0.603124 -0.305645
64 -0.318924 0.399697 0.140748 -0.0845449 -0.603928 -0.331045
65 -0.334781 0.399373 0.154457 -0.0772493 -0.608043 -0.312138
66 -0.5732 0.5642 0.7262 0.2862 0.5318 -0.179
67 -0.333233 0.373882 0.126152 -0.0746988 -0.605226 -0.320312
68 -0.352282 0.350123 0.127713 -0.066983 -0.609631 -0.338228
69 -0.8172 -0.098 0.2432 -0.9804 -0.7062 0.4278
70 -0.8172 -0.098 0.2432 -0.9804 -0.7062 0.4278
71 0.6932 -0.4256 -0.0326 -0.7866 0.564 0.7184
72 -0.367396 0.390727 0.104756 -0.0357521 -0.608554 -0.315121
73 -0.363033 0.406344 0.109706 -0.0613284 -0.624103 -0.300998
74 -0.9382 -0.9734 0.1386 0.0148 -0.8886 0.27
75 -0.9382 -0.9734 0.1386 0.0148 -0.8886 0.27
76 -0.371172 0.379885 0.135716 -0.0548533 -0.600791 -0.249814
77 -0.379873 0.41331 0.147354 -0.0457902 -0.62053 -0.252955
78 -0.353202 0.380261 0.15395 -0.0420411 -0.621415 -0.258818
79 -0.358996 0.399171 0.154391 -0.0423829 -0.611751 -0.263317
80 -0.381781 0.398703 0.145201 -0.0456583 -0.613906 -0.282594
81 -0.363907 0.416955 0.143464 -0.0475293 -0.617121 -0.269608
82 -0.375458 0.393056 0.146658 -0.033774 -0.629196 -0.271178
83 -0.371512 0.391266 0.103752 -0.0511883 -0.630889 -0.260934
84 -0.359613 0.40208 0.122293 -0.0479386 -0.649471 -0.252681
85 -0.345012 0.401118 0.119555 -0.0228312 -0.671658 -0.262886
86 -0.32591 0.413542 0.115075 -0.0289819 -0.683235 -0.258072
87 -0.335131 0.413748 0.149488 -0.0271704 -0.682366 -0.279539
88 -0.331798 0.440164 0.134792 -0.03855 -0.672986 -0.268388
89 -0.353521 0.432762 0.110183 -0.0404695 -0.645048 -0.267698
90 -0.341464 0.440523 0.107503 -0.0294686 -0.654074 -0.268777
91 -0.347112 0.424031 0.0970728 -0.0382678 -0.660602 -0.262634
92 -0.332607 0.438309 0.120776 -0.0284851 -0.661944 -0.303278
93 -0.33303 0.449521 0.13762 -0.00867177 -0.648747 -0.277818
94 -0.308385 0.435905 0.141335 -0.019888 -0.662825 -0.26553
95 -0.308434 0.433635 0.137511 -0.0322757 -0.667916 -0.271887
96 -0.315834 0.442409 0.106196 -0.00417215 -0.670299 -0.271225
97 0.9788 0.605 0.6678 0.5842 -0.441 0.107
98 -0.27606 0.451816 0.122938 -0.0167324 -0.675495 -0.265224
99 -0.304058 0.455016 0.142405 -0.0186011 -0.684753 -0.25652
100 -0.288961 0.434452 0.155527 -0.0367781 -0.685144 -0.238543
101 -0.290051 0.435952 0.135982 -0.0297385 -0.681047 -0.249142
102 -0.303351 0.445718 0.113868 -0.0136422 -0.681045 -0.224731
103 -0.303045 0.425595 0.114921 -0.0186488 -0.646633 -0.217787
104 -0.285098 0.401471 0.137446 -0.022298 -0.64895 -0.241209
105 -0.305011 0.407528 0.16313 -0.00833561 -0.633845 -0.229341
106 -0.82 0.6994 0.1768 -0.3454 -0.427 0.6652
107 -0.288462 0.397381 0.126976 -0.022487 -0.632835 -0.27957
108 -0.294358 0.367618 0.140726 -0.00920342 -0.644495 -0.247159
109 -0.304828 0.376126 0.111695 -0.0180633 -0.632432 -0.288253
110 -0.269238 0.378545 0.119195 -0.0181867 -0.650798 -0.259018
111 0.2186 -0.7896 -0.3912 -0.766 0.8664 0.5908
112 0.2186 -0.7896 -0.3912 -0.766 0.8664 0.5908
113 -0.6848 0.7124 -0.7582 0.7388 -0.0102 -0.5706
114 0.4 0.881 -0.0518 -0.2462 0.2574 0.7338
115 0.4 0.881 -0.0518 -0.2462 0.2574 0.7338
116 -0.238442 0.395065 0.139957 -0.0410641 -0.621059 -0.233842
117 -0.236281 0.3854 0.119343 -0.0152547 -0.622329 -0.233628
118 -0.263144 0.393417 0.105473 -0.0330986 -0.604338 -0.248082
119 -0.1864 -0.8348 -0.0814 -0.5218 -0.3318 0.3652
120 -0.1864 -0.8348 -0.0814 -0.5218 -0.3318 0.3652
121 -0.7752 0.3782 0.4674 -0.462 0.194 0.6006
122 -0.220629 0.42717 0.0753063 -0.0164045 -0.610762 -0.252273
123 -0.25236 0.411441 0.103268 -0.0221747 -0.634992 -0.24418
124 -0.259192 0.423837 0.112743 -0.0422276 -0.62561 -0.258495
125 -0.251243 0.401729 0.111331 0.0119969 -0.626278 -0.260172
126 -0.23658 0.424559 0.133069 0.0211094 -0.648467 -0.265636
127 -0.247042 0.428799 0.133646 0.0558717 -0.657703 -0.266918
128 -0.258996 0.432488 0.104655 0.0503783 -0.668984 -0.271118
129 -0.258844 0.416703 0.0973107 0.0395632 -0.670278 -0.288297
130 -0.283818 0.39068 0.0881417 0.0575917 -0.672963 -0.285203
131 -0.272437 0.398612 0.0887118 0.0835939 -0.662602 -0.30164
132 -0.232267 0.400668 0.0713957 0.106386 -0.679821 -0.276429
133 -0.241282 0.397355 0.0700943 0.105974 -0.66397 -0.278559
134 -0.239917 0.436659 0.0786004 0.102547 -0.681583 -0.283
135 -0.256416 0.462292 0.0508293 0.0969109 -0.679511 -0.30554
136 -0.253553 0.466574 0.0553836 0.0755344 -0.707961 -0.322086
137 -0.259129 0.485611 0.056963 0.112859 -0.699539 -0.294811
138 -0.250793 0.467082 0.0320359 0.0754811 -0.689189 -0.336256
139 -0.283619 0.467467 0.0312536 0.0915913 -0.720418 -0.324632
140 -0.305658 0.450019 0.0566094 0.0651442 -0.722399 -0.310966
141 -0.4666 -0.6948 -0.8416 0.5728 0.0602 -0.2492
142 -0.4666 -0.6948 -0.8416 0.5728 0.0602 -0.2492
143 -0.370254 0.493709 0.0579698 0.0485286 -0.687375 -0.247871
144 -0.360765 0.499321 0.0259395 0.049131 -0.699484 -0.253734
145 -0.363014 0.491109 0.0339268 0.0544328 -0.690314 -0.259767
146 -0.365352 0.492648 0.000711955 0.0307742 -0.711789 -0.284086
147 -0.392795 0.502641 -0.00443467 0.0137777 -0.681317 -0.255663
148 -0.361623 0.491352 -0.0210675 0.00138373 -0.708331 -0.25769
149 -0.357912 0.477457 -0.0454362 0.00798068 -0.73784 -0.253013
150 -0.364475 0.483071 -0.0583615 0.00604856 -0.712487 -0.275469
151 -0.365517 0.508388 -0.0699145 0.028229 -0.748691 -0.292947
152 -0.363648 0.527264 -0.081014 0.00657156 -0.760472 -0.285947
153 -0.379148 0.523195 -0.078027 0.0413374 -0.766711 -0.304016
154 -0.379574 0.53039 -0.103397 0.0282095 -0.786007 -0.284498
155 -0.389852 0.552362 -0.121408 0.0537077 -0.781053 -0.292817
156 -0.365305 0.539732 -0.11047 0.0394688 -0.773227 -0.272504
157 -0.386196 0.552076 -0.0956092 0.036706 -0.755236 -0.289185
158 -0.395662 0.532236 -0.0778871 0.0296986 -0.756748 -0.306216
159 -0.39944 0.520348 -0.0681544 0.025283 -0.753633 -0.304908
160 -0.389736 0.540861 -0.0464571 0.0344068 -0.758008 -0.286923
161 -0.375831 0.523575 -0.0570075 0.0372146 -0.758192 -0.297872
162 -0.360342 0.529289 -0.0518251 0.0330897 -0.755039 -0.319025
163 -0.386702 0.557796 -0.0305126 0.0458123 -0.728558 -0.314345
164 -0.379115 0.57653 -0.0367201 0.0280533 -0.732278 -0.331019
165 -0.406946 0.583691 -0.0161373 0.0258698 -0.727781 -0.339335
166 -0.373955 0.591666 -0.0246466 0.0271692 -0.725302 -0.330398
167 0.8132 -0.4518 0.0492001 -0.4812 0.0298001 0.6588
168 -0.36115 0.589454 -0.0286068 0.0332826 -0.685819 -0.317363
169 -0.963 0.4426 -0.5736 -0.0914 -0.8022 -0.7994
170 -0.375635 0.624693 -0.0741282 0.0378771 -0.685636 -0.276065
171 -0.365903 0.640528 -0.0537855 0.0509164 -0.669322 -0.289751
172 -0.362801 0.655748 -0.104677 0.0629678 -0.639084 -0.310294
173 -0.352605 0.667906 -0.119317 0.0542337 -0.646572 -0.311607
174 -0.331207 0.641312 -0.0989587 0.0570836 -0.637089 -0.319396
175 -0.333608 0.639975 -0.0989853 0.0721255 -0.626318 -0.315808
176 -0.331895 0.623655 -0.106157 0.0692002 -0.641818 -0.313882
177 -0.334675 0.624306 -0.0880795 0.07421 -0.654266 -0.321971
178 -0.338851 0.616032 -0.107159 0.0876645 -0.650817 -0.290191
179 -0.349643 0.592097 -0.0902812 0.0874367 -0.6519 -0.332695
180 -0.350555 0.608609 -0.0913166 0.0950743 -0.637285 -0.326077
181 -0.341265 0.602068 -0.0797615 0.103246 -0.658726 -0.335614
182 -0.353559 0.60143 -0.0791617 0.0834864 -0.659376 -0.319539
183 -0.370171 0.581043 -0.100161 0.0924088 -0.631818 -0.341268
184 -0.35798 0.587579 -0.113161 0.0785717 -0.650681 -0.360687
185 -0.381122 0.565441 -0.15854 0.0554867 -0.654359 -0.36726
186 -0.361307 0.582808 -0.120145 0.0378618 -0.654176 -0.34228
187 -0.344768 0.582887 -0.134458 0.0489634 -0.635398 -0.369293
188 0.1898 0.3474 0.1388 -0.8608 0.1196 -0.4942
189 -0.321159 0.614101 -0.139621 0.0348059 -0.655687 -0.378153
190 -0.357254 0.608297 -0.129914 0.0430143 -0.67633 -0.385936
191 -0.34666 0.603582 -0.146818 0.057822 -0.658686 -0.369265
192 -0.354609 0.594068 -0.164723 0.0589829 -0.630944 -0.35592
193 -0.348195 0.588246 -0.155357 0.080382 -0.623552 -0.348851
194 -0.349329 0.607794 -0.167654 0.097602 -0.630657 -0.359515
195 -0.333305 0.602399 -0.183356 0.0911576 -0.651687 -0.36443
196 -0.342699 0.609633 -0.186952 0.0989095 -0.636452 -0.359714
197 0.4324 -0.6334 0.7034 0.5932 -0.7716 0.0576
198 0.4324 -0.6334 0.7034 0.5932 -0.7716 0.0576
199 -0.712 -0.3724 0.453 -0.5716 -0.4988 -0.2764
200 -0.298218 0.589487 -0.1793 0.109977 -0.629743 -0.360077
201 0.6792 -0.1226 0.3584 -0.458 0.7798 0.5648
202 -0.234163 0.592836 -0.176665 0.139512 -0.59918 -0.372127
203 -0.242333 0.582359 -0.16368 0.143075 -0.601171 -0.37481
204 -0.24818 0.601888 -0.151838 0.156156 -0.608445 -0.373707
205 0.8344 0.8068 -0.0482 0.858 0.2046 0.9514
206 0.8344 0.8068 -0.0482 0.858 0.2046 0.9514
207 -0.4302 -0.538 0.531 -0.5076 0.6296 -0.9332
208 -0.19811 0.636494 -0.125001 0.133529 -0.625425 -0.304896
209 -0.219546 0.632377 -0.130888 0.150293 -0.628522 -0.295036
210 -0.220979 0.633502 -0.136851 0.167166 -0.647005 -0.287384
211 -0.198575 0.624924 -0.138846 0.187998 -0.628703 -0.281526
212 -0.224077 0.607768 -0.167122 0.185739 -0.618792 -0.245584
213 -0.9416 0.9378 -0.77 0.3868 0.759 0.4802
214 -0.233794 0.624398 -0.170208 0.194345 -0.598022 -0.239014
215 -0.232596 0.635052 -0.166161 0.196599 -0.593977 -0.254453
216 -0.229355 0.589349 -0.183571 0.191088 -0.590784 -0.230354
217 -0.227693 0.625015 -0.145782 0.201593 -0.593722 -0.221276
218 -0.208919 0.6296 -0.129837 0.188931 -0.581721 -0.253665
219 -0.208858 0.631155 -0.151892 0.177473 -0.583185 -0.233055
220 -0.7432 0.6964 -0.4094 -0.7156 0.677 0.8438
221 -0.17535 0.599289 -0.18886 0.190288 -0.584068 -0.245876
222 -0.202151 0.587841 -0.164449 0.179514 -0.608037 -0.263477
223 -0.212784 0.596459 -0.167974 0.18109 -0.60112 -0.255063
224 -0.212707 0.625592 -0.164474 0.174891 -0.598503 -0.282056
225 -0.209491 0.639921 -0.180722 0.14795 -0.594915 -0.30097
226 -0.184352 0.619906 -0.179958 0.124452 -0.597032 -0.290428
227 -0.168435 0.631479 -0.195963 0.15057 -0.593273 -0.308775
228 -0.158007 0.650546 -0.239261 0.144603 -0.596282 -0.320183
229 -0.150482 0.606548 -0.209305 0.148297 -0.590435 -0.304411
230 -0.155114 0.610435 -0.231186 0.135691 -0.58378 -0.291178
231 -0.146483 0.619917 -0.241816 0.154014 -0.58831 -0.284458
232 -0.169505 0.632728 -0.224469 0.139229 -0.605474 -0.310047
233 -0.165393 0.665023 -0.215355 0.160821 -0.624507 -0.316722
234 0.1822 -0.5404 -0.4394 0.1172 0.5426 0.269
235 -0.148432 0.647717 -0.190164 0.188919 -0.651793 -0.349424
236 -0.142976 0.645271 -0.180844 0.223444 -0.628374 -0.357408
237 -0.129219 0.642267 -0.173644 0.204301 -0.612141 -0.353856
238 -0.124828 0.651781 -0.174457 0.207082 -0.584468 -0.366459
239 0.384 0.9952 0.1726 -0.555 -0.696 0.5144
240 -0.131292 0.619158 -0.199221 0.151921 -0.585228 -0.394265
241 0.5008 0.5014 0.1676 0.6384 -0.7872 -0.5288
242 -0.629 0.632 -0.7452 -0.7072 0.8086 0.4294
243 -0.148996 0.641101 -0.170646 0.165708 -0.590267 -0.356247
244 -0.137649 0.62537 -0.191163 0.178642 -0.566118 -0.368348
245 0.5606 0.3358 0.9754 0.879 -0.2306 0.6642
246 0.5606 0.3358 0.9754 0.879 -0.2306 0.6642
247 -0.147364 0.638934 -0.205562 0.17421 -0.578038 -0.357252
248 -0.156816 0.638636 -0.216275 0.1771 -0.57899 -0.344383
249 -0.151745 0.646742 -0.220823 0.144952 -0.589485 -0.357883
250 -0.142063 0.651039 -0.211816 0.154551 -0.595767 -0.371301
251 -0.153412 0.631603 -0.236406 0.155201 -0.603626 -0.357968
252 -0.120498 0.628755 -0.197976 0.178636 -0.603123 -0.381909
253 -0.7754 -0.0128 0.1374 0.6108 -0.6914 0.0566
254 -0.7754 -0.0128 0.1374 0.6108 -0.6914 0.0566
255 -0.171139 0.681873 -0.224151 0.168478 -0.568264 -0.389559
256 -0.165271 0.687888 -0.225579 0.178249 -0.561453 -0.381313
257 0.4464 -0.141 -0.3576 0.6082 0.9284 0.8528
258 -0.150563 0.671703 -0.194689 0.150247 -0.569612 -0.34705
259 -0.179633 0.680505 -0.20538 0.16015 -0.564754 -0.357616
260 -0.183574 0.687393 -0.204532 0.142728 -0.593301 -0.337062
261 -0.162033 0.722423 -0.198169 0.159167 -0.582197 -0.331791
262 -0.153643 0.708021 -0.185754 0.135152 -0.593592 -0.351733
263 -0.140338 0.708948 -0.215184 0.117424 -0.618364 -0.321243
264 -0.166692 0.67871 -0.222021 0.140013 -0.6137 -0.348158
265 0.1522 -0.0816 0.8962 0.621 -0.9598 0.2902
266 0.9308 -0.3844 -0.0606 0.1316 0.7022 0.1342
267 0.9308 -0.3844 -0.0606 0.1316 0.7022 0.1342
268 0.712 0.3646 -0.1342 0.6676 -0.4254 -0.1658
269 -0.182465 0.676138 -0.247556 0.153155 -0.570858 -0.35594
270 -0.176258 0.673954 -0.23218 0.188786 -0.543234 -0.342279
271 -0.195073 0.680259 -0.240925 0.192361 -0.542836 -0.317005
272 -0.164593 0.674625 -0.245763 0.200747 -0.559986 -0.348131
273 -0.4868 0.979 0.8626 -0.4922 -0.6092 -0.0616
274 -0.135598 0.692445 -0.257351 0.186508 -0.563605 -0.330823
275 -0.168136 0.672616 -0.24197 0.165673 -0.585732 -0.332238
276 -0.163708 0.692939 -0.245053 0.209713 -0.563889 -0.33779
277 -0.160389 0.695326 -0.217723 0.194314 -0.571211 -0.307162
278 -0.162369 0.663704 -0.236619 0.210802 -0.570114 -0.324216
279 0.7086 0.6538 -0.1836 -0.6812 0.7926 -0.9272
280 -0.14395 0.662272 -0.249714 0.214371 -0.554381 -0.294242
281 -0.1229 0.667366 -0.233899 0.221529 -0.546392 -0.273363
282 -0.14685 0.662487 -0.248873 0.214087 -0.558874 -0.261816
283 -0.157137 0.677024 -0.26429 0.196345 -0.553121 -0.278206
284 -0.9204 0.6988 0.857 -0.0624 0.1564 0.1402
285 -0.123776 0.682525 -0.281891 0.188695 -0.542133 -0.296633
286 -0.131953 0.67375 -0.290369 0.201917 -0.543949 -0.279822
287 -0.7354 0.7084 0.2096 -0.637 0.8448 0.8364
288 -0.7354 0.7084 0.2096 -0.637 0.8448 0.8364
289 -0.135599 0.638016 -0.324868 0.238339 -0.566013 -0.314064
290 -0.135414 0.653518 -0.290596 0.253979 -0.559333 -0.323847
291 -0.139254 0.654899 -0.291491 0.218397 -0.542215 -0.306212
292 -0.158613 0.670624 -0.303101 0.202119 -0.533154 -0.315136
293 -0.145022 0.688733 -0.289541 0.239379 -0.530848 -0.318013
294 -0.158007 0.692598 -0.303879 0.21302 -0.550658 -0.308388
295 -0.121501 0.679465 -0.313426 0.228905 -0.549662 -0.311042
296 -0.120792 0.682267 -0.30271 0.242257 -0.542533 -0.31295
297 -0.115325 0.690071 -0.321023 0.231699 -0.533732 -0.342441
298 -0.114035 0.694591 -0.353092 0.237453 -0.548412 -0.366356
299 -0.111647 0.671354 -0.356886 0.226065 -0.523341 -0.358267
300 -0.0388 -0.1144 0.192 0.8726 0.7818 -0.9628
301 -0.121896 0.639294 -0.380944 0.234187 -0.523073 -0.350646
302 -0.127 0.61235 -0.362362 0.23215 -0.539006 -0.349086
303 -0.139257 0.601349 -0.364335 0.26061 -0.525581 -0.361029
304 -0.149922 0.601366 -0.375709 0.252854 -0.506027 -0.371752
305 -0.162098 0.601382 -0.351784 0.25286 -0.540343 -0.342942
306 0.664 -0.1236 -0.686 0.7014 0.7602 0.7226
307 -0.123546 0.618298 -0.335939 0.21657 -0.546108 -0.351614
308 -0.447 0.7934 -0.987 0.00419998 -0.3022 -0.8102
309 -0.6572 0.011 0.6166 0.3628 0.2258 -0.9474
310 -0.6572 0.011 0.6166 0.3628 0.2258 -0.9474
311 -0.153994 0.637284 -0.317308 0.246296 -0.537903 -0.340549
312 -0.153633 0.649307 -0.333014 0.266399 -0.54827 -0.319864
313 -0.144179 0.650332 -0.318385 0.254462 -0.541793 -0.323965
314 -0.174489 0.629955 -0.334051 0.277728 -0.565354 -0.325685
315 -0.172647 0.629593 -0.316508 0.274368 -0.566218 -0.316106
316 -0.138027 0.640082 -0.34683 0.252296 -0.554513 -0.305095
317 -0.168298 0.622999 -0.366403 0.267948 -0.524582 -0.322633
318 -0.158496 0.646533 -0.372371 0.261515 -0.546918 -0.31136
319 -0.127596 0.623121 -0.396406 0.304263 -0.525707 -0.276223
320 -0.160353 0.641243 -0.428152 0.279449 -0.518533 -0.286729
321 -0.144234 0.623571 -0.405097 0.265482 -0.513076 -0.286081
322 -0.157253 0.608075 -0.425484 0.292448 -0.518722 -0.284941
323 -0.167812 0.620824 -0.4564 0.293734 -0.511356 -0.264568
324 -0.169396 0.629043 -0.436994 0.29049 -0.492492 -0.261319
325 -0.182021 0.643604 -0.437838 0.289491 -0.483304 -0.256485
326 -0.194383 0.623012 -0.432786 0.298772 -0.462082 -0.298936
327 -0.191046 0.651519 -0.423879 0.286363 -0.455477 -0.314974
328 -0.193376 0.653217 -0.402942 0.287343 -0.450568 -0.330454
329 -0.176152 0.676914 -0.41699 0.265924 -0.438853 -0.343336
330 -0.187674 0.663638 -0.420918 0.267839 -0.453794 -0.355868
331 -0.174555 0.667197 -0.451784 0.266292 -0.43089 -0.342128
332 -0.16478 0.66598 -0.445493 0.260875 -0.413661 -0.333219
333 -0.1748 0.680232 -0.47587 0.271973 -0.450722 -0.326662
334 -0.210346 0.671983 -0.486415 0.297717 -0.42775 -0.3287
335 -0.234714 0.684345 -0.484126 0.270012 -0.430046 -0.325555
336 -0.269688 0.686067 -0.494788 0.257365 -0.441122 -0.320936
337 -0.257659 0.689498 -0.497962 0.258045 -0.466465 -0.317518
338 -0.27149 0.68189 -0.546075 0.217289 -0.46648 -0.302907
339 -0.278519 0.684905 -0.529673 0.248564 -0.457763 -0.311144
340 -0.285166 0.685427 -0.522951 0.241481 -0.445661 -0.314241
341 -0.285676 0.681785 -0.539565 0.216904 -0.441954 -0.347087
342 -0.278062 0.662521 -0.500437 0.229492 -0.408494 -0.310065
343 -0.273551 0.656359 -0.506445 0.201754 -0.400248 -0.326315
344 -0.279102 0.638568 -0.49244 0.2154 -0.40324 -0.339069
345 -0.257042 0.669264 -0.47507 0.193885 -0.415101 -0.322312
346 -0.242632 0.701932 -0.478615 0.170152 -0.41841 -0.31046
347 -0.249714 0.676605 -0.513432 0.18633 -0.427454 -0.328025
348 -0.249047 0.673459 -0.486785 0.176413 -0.420944 -0.334664
349 -0.267787 0.692698 -0.487476 0.170184 -0.414254 -0.326102
350 -0.26905 0.681147 -0.5003 0.185421 -0.406749 -0.28949
351 -0.286011 0.687324 -0.498454 0.19097 -0.411387 -0.294404
352 -0.302715 0.678941 -0.47454 0.197005 -0.39694 -0.290125
353 -0.295153 0.689837 -0.480375 0.19054 -0.39487 -0.302058
354 -0.322447 0.687832 -0.458474 0.221237 -0.393448 -0.263858
355 -0.335581 0.686846 -0.456262 0.191326 -0.426243 -0.254801
356 -0.352925 0.674645 -0.471018 0.207921 -0.42729 -0.241753
357 -0.370753 0.707599 -0.481943 0.193122 -0.466986 -0.244629
358 -0.380336 0.707866 -0.48247 0.190891 -0.448106 -0.268934
359 -0.374906 0.720445 -0.471694 0.174463 -0.449575 -0.287844
360 -0.351363 0.703437 -0.487638 0.165621 -0.472943 -0.236423
361 -0.338238 0.694613 -0.483808 0.181991 -0.462765 -0.270656
362 -0.349001 0.707176 -0.500264 0.183415 -0.446613 -0.259842
363 -0.343774 0.710005 -0.494271 0.15655 -0.444903 -0.255385
364 -0.33776 0.709955 -0.477441 0.184014 -0.431706 -0.23771
365 -0.362631 0.698193 -0.509509 0.168585 -0.438236 -0.223307
366 -0.340834 0.713718 -0.539395 0.169563 -0.440623 -0.227615
367 -0.336098 0.694212 -0.502203 0.170664 -0.445466 -0.240394
368 -0.317098 0.722383 -0.482482 0.185604 -0.423694 -0.24657
369 -0.310866 0.681063 -0.463782 0.183616 -0.42603 -0.263818
370 -0.314652 0.701047 -0.483204 0.194322 -0.451191 -0.269348
371 -0.330484 0.691344 -0.48768 0.197393 -0.462815 -0.255677
372 -0.32823 0.702704 -0.46444 0.172177 -0.459598 -0.263724
373 -0.309235 0.685528 -0.454609 0.183373 -0.451879 -0.279771
374 -0.283204 0.702352 -0.471047 0.190665 -0.451656 -0.270748
375 -0.30869 0.719333 -0.476679 0.182581 -0.448443 -0.260274
376 -0.298448 0.70462 -0.488642 0.204766 -0.44831 -0.268502
377 -0.302831 0.692034 -0.448854 0.189752 -0.456595 -0.266607
378 -0.291072 0.708746 -0.45435 0.182129 -0.481299 -0.258556
379 -0.269276 0.718483 -0.460507 0.178626 -0.494805 -0.246685
380 -0.25791 0.710416 -0.477094 0.178019 -0.498856 -0.259325
381 -0.255378 0.695565 -0.46888 0.188373 -0.501167 -0.267014
382 -0.275488 0.714593 -0.472567 0.209971 -0.532788 -0.289065
383 -0.290566 0.714803 -0.472624 0.222532 -0.494193 -0.276845
384 -0.253167 0.68771 -0.458639 0.210961 -0.505733 -0.295148
385 -0.238418 0.666143 -0.454489 0.205341 -0.471994 -0.298675
386 -0.225736 0.697684 -0.470317 0.19166 -0.471375 -0.302086
387 -0.240751 0.69612 -0.49036 0.202247 -0.475922 -0.318845
388 -0.239101 0.698278 -0.498741 0.214321 -0.46564 -0.287729
389 -0.257084 0.710155 -0.495945 0.21602 -0.471574 -0.291587
390 -0.248524 0.706241 -0.485134 0.198335 -0.487768 -0.272921
391 -0.253322 0.704219 -0.506948 0.189997 -0.505793 -0.225507
392 -0.267987 0.692713 -0.493952 0.221331 -0.501837 -0.251458
393 -0.252668 0.695118 -0.509799 0.22112 -0.499849 -0.224933
394 -0.228145 0.693461 -0.506429 0.201226 -0.493073 -0.239851
395 -0.201767 0.696485 -0.494879 0.208365 -0.509384 -0.258036
396 -0.217182 0.695519 -0.502955 0.204339 -0.52682 -0.254444
397 -0.219562 0.711051 -0.491565 0.201545 -0.51383 -0.263289
398 -0.227676 0.665843 -0.483868 0.175335 -0.503179 -0.259147
399 -0.239975 0.677373 -0.491181 0.185077 -0.500511 -0.271865
400 -0.244181 0.667715 -0.482693 0.153818 -0.510324 -0.261716
401 -0.256166 0.660405 -0.469687 0.133822 -0.493854 -0.289397
402 -0.259719 0.668791 -0.459368 0.149625 -0.468304 -0.279494
403 -0.275399 0.686455 -0.465847 0.132937 -0.471345 -0.277309
404 -0.284027 0.692555 -0.484448 0.11635 -0.464733 -0.26637
405 -0.262752 0.668185 -0.464848 0.118494 -0.455569 -0.267924
406 -0.276003 0.685394 -0.450137 0.105333 -0.457094 -0.271878
407 -0.276626 0.673438 -0.446765 0.0896125 -0.449054 -0.291736
408 -0.289981 0.669841 -0.468415 0.111399 -0.443654 -0.272933
409 -0.29447 0.673581 -0.447436 0.126626 -0.465957 -0.249103
410 -0.287955 0.663737 -0.464923 0.112155 -0.459305 -0.239823
411 -0.273397 0.651414 -0.459582 0.133044 -0.441677 -0.24999
412 -0.288003 0.695519 -0.471974 0.0990038 -0.43622 -0.2436
413 -0.301819 0.697919 -0.48163 0.0835111 -0.437433 -0.261883
414 -0.314526 0.69798 -0.495504 0.0657671 -0.439881 -0.240855
415 -0.312202 0.715067 -0.504869 0.0798003 -0.425872 -0.258921
416 -0.312202 0.715067 -0.504869 0.0798003 -0.425872 -0.258921
417 -0.312202 0.715067 -0.504869 0.0798003 -0.425872 -0.258921
418 -0.278665 0.728216 -0.500737 0.0731331 -0.452744 -0.321877
419 -0.281225 0.725196 -0.516495 0.0717242 -0.480526 -0.342583
420 -0.285331 0.740528 -0.517512 0.102692 -0.463697 -0.345217
421 -0.261382 0.762142 -0.497122 0.110543 -0.460364 -0.36507
422 -0.274431 0.753642 -0.497154 0.0874958 -0.436704 -0.363132
423 -0.259277 0.759472 -0.483815 0.0960605 -0.441527 -0.368308
424 -0.287549 0.765636 -0.486725 0.0984564 -0.441001 -0.377823
425 -0.264745 0.765162 -0.491529 0.0869369 -0.458974 -0.40211
426 -0.284548 0.787709 -0.502517 0.066498 -0.468859 -0.391624
427 -0.277594 0.814421 -0.521637 0.0874092 -0.459635 -0.360562
428 -0.265415 0.797019 -0.51287 0.0715405 -0.443636 -0.341295
429 -0.267526 0.786589 -0.515941 0.061589 -0.455944 -0.376105
430 -0.234361 0.789053 -0.496461 0.0589998 -0.456849 -0.383753
431 -0.233429 0.781319 -0.495688 0.0873788 -0.478483 -0.377227
432 -0.21563 0.816853 -0.471328 0.10406 -0.482745 -0.354681
433 -0.220457 0.809056 -0.447681 0.112935 -0.485784 -0.36276
434 -0.204495 0.817799 -0.447655 0.0936219 -0.489311 -0.372043
435 -0.215846 0.817315 -0.465984 0.10897 -0.484783 -0.374413
436 -0.214447 0.798959 -0.44654 0.097879 -0.508039 -0.368798
437 -0.214522 0.821965 -0.466078 0.106342 -0.498649 -0.367105
438 -0.204851 0.822363 -0.482055 0.103205 -0.517012 -0.351914
439 -0.215487 0.840456 -0.454222 0.109044 -0.55445 -0.36422
440 -0.189234 0.82438 -0.481679 0.102855 -0.527876 -0.372247
441 -0.181093 0.828749 -0.457086 0.0912936 -0.524486 -0.364822
442 -0.168401 0.815954 -0.461384 0.119901 -0.541976 -0.355179
443 -0.175595 0.822051 -0.450857 0.130341 -0.554382 -0.331417
444 -0.176982 0.810554 -0.47768 0.134471 -0.539783 -0.347958
445 -0.18512 0.794193 -0.496508 0.14949 -0.53637 -0.33401
446 -0.182437 0.823646 -0.497653 0.154739 -0.548001 -0.348436
447 -0.197815 0.833799 -0.511085 0.136523 -0.533422 -0.338216
448 -0.204763 0.822185 -0.532662 0.155064 -0.524976 -0.314863
449 -0.174803 0.844153 -0.515508 0.152785 -0.533629 -0.306797
450 -0.176015 0.839149 -0.533058 0.15263 -0.520303 -0.290098
451 -0.163819 0.831923 -0.519585 0.154321 -0.532961 -0.298102
452 -0.154295 0.839998 -0.519442 0.13117 -0.515977 -0.311443
453 -0.170629 0.875461 -0.518695 0.152129 -0.521393 -0.302287
454 -0.156702 0.882929 -0.523436 0.137609 -0.559166 -0.283161
455 -0.17118 0.887004 -0.502567 0.136562 -0.563791 -0.28131
456 -0.197747 0.877988 -0.52126 0.162658 -0.55113 -0.269478
457 -0.185307 0.878691 -0.524658 0.188051 -0.532474 -0.245211
458 -0.202566 0.873716 -0.522181 0.182698 -0.542806 -0.227651
459 -0.16167 0.898255 -0.52991 0.191496 -0.534272 -0.224724
460 -0.183861 0.922425 -0.538827 0.20081 -0.55858 -0.228026
461 -0.177142 0.924369 -0.527743 0.208205 -0.55333 -0.25791
462 -0.197702 0.937959 -0.542033 0.19682 -0.542922 -0.250283
463 -0.190821 0.92709 -0.533083 0.212078 -0.566642 -0.264257
464 -0.178544 0.945267 -0.52242 0.211525 -0.58658 -0.244894
465 -0.183869 0.943188 -0.558645 0.190951 -0.601096 -0.252025
466 -0.183581 0.953723 -0.541909 0.212051 -0.599911 -0.244648
467 -0.157599 0.928357 -0.520677 0.202532 -0.59715 -0.228076
468 -0.17611 0.93082 -0.5392 0.205736 -0.605923 -0.245512
469 -0.158912 0.926433 -0.542135 0.185698 -0.591736 -0.22377
470 -0.142551 0.940489 -0.502514 0.203595 -0.597919 -0.234314
471 -0.185413 0.947848 -0.508708 0.196699 -0.592634 -0.237249
472 -0.185982 0.948323 -0.515213 0.223446 -0.607485 -0.234319
473 -0.189936 0.94351 -0.519474 0.221432 -0.58818 -0.233401
474 -0.179411 0.92345 -0.51608 0.246188 -0.611948 -0.22259
475 -0.201681 0.915001 -0.522435 0.261059 -0.593218 -0.204891
476 -0.195658 0.901907 -0.533165 0.253371 -0.594618 -0.220491
477 -0.196139 0.903222 -0.540683 0.262252 -0.570469 -0.227135
478 -0.20428 0.882406 -0.547683 0.281156 -0.565346 -0.203177
479 -0.22222 0.88547 -0.529471 0.263182 -0.538782 -0.191305
480 -0.191882 0.873309 -0.547229 0.29763 -0.53037 -0.211542
481 -0.212186 0.886916 -0.550209 0.284903 -0.525681 -0.201136
482 -0.216414 0.859822 -0.523417 0.290979 -0.545993 -0.223722
483 -0.206909 0.87271 -0.5198 0.307426 -0.529644 -0.206163
484 -0.207318 0.864294 -0.513187 0.279935 -0.537536 -0.181396
485 -0.21963 0.871381 -0.496485 0.275643 -0.511807 -0.213881
486 -0.207023 0.872541 -0.485441 0.27699 -0.504014 -0.211223
487 -0.213938 0.875509 -0.490072 0.26285 -0.470973 -0.20807
488 -0.212137 0.849936 -0.483074 0.256197 -0.503549 -0.212947
489 -0.214822 0.851121 -0.494958 0.207787 -0.506703 -0.208245
490 -0.213518 0.83905 -0.50673 0.195625 -0.510744 -0.220746
491 -0.21622 0.852717 -0.491323 0.221487 -0.500619 -0.223815
492 -0.219027 0.847518 -0.462292 0.234722 -0.5278 -0.205312
493 -0.210859 0.849072 -0.484889 0.240654 -0.519779 -0.243403
494 -0.205956 0.85175 -0.481387 0.230065 -0.522405 -0.19903
495 -0.245323 0.842562 -0.500676 0.20905 -0.495486 -0.190258
496 -0.258457 0.862315 -0.503425 0.222886 -0.530017 -0.22087
497 -0.265574 0.888187 -0.490712 0.227255 -0.528896 -0.215335
498 -0.232824 0.903274 -0.487003 0.243015 -0.533453 -0.207282
499 -0.234114 0.906114 -0.50841 0.245736 -0.524938 -0.209323
500 -0.252935 0.943176 -0.508234 0.239288 -0.529083 -0.225775
501 -0.238186 0.946607 -0.508586 0.229829 -0.566221 -0.220812
502 -0.215189 0.947751 -0.483523 0.212028 -0.594513 -0.204388
503 -0.216946 0.96555 -0.469297 0.21367 -0.581605 -0.184923
504 -0.225958 0.984649 -0.48095 0.213519 -0.569711 -0.182139
505 -0.244146 1 -0.477072 0.221336 -0.571929 -0.187749
506 -0.238633 0.991455 -0.509777 0.230727 -0.598311 -0.193262
507 -0.23364 0.973749 -0.500049 0.234852 -0.611011 -0.173356
508 -0.244593 0.991354 -0.525127 0.237636 -0.612151 -0.184043
509 -0.23121 0.982586 -0.503996 0.228581 -0.632911 -0.205021
510 -0.231597 0.991475 -0.488798 0.230632 -0.626655 -0.197884
511 -0.219365 0.976533 -0.474942 0.217157 -0.648002 -0.207183
512 -0.218227 0.968381 -0.502499 0.23461 -0.659473 -0.184815
513 -0.211051 0.957846 -0.480726 0.189016 -0.635053 -0.180534
514 -0.203238 0.919567 -0.493972 0.196139 -0.633622 -0.180977
515 -0.21583 0.95564 -0.493268 0.234525 -0.652145 -0.150986
516 -0.209699 0.959406 -0.476877 0.258447 -0.63362 -0.157232
517 -0.217471 0.95258 -0.520746 0.240657 -0.636104 -0.158481
518 -0.219341 0.964123 -0.51008 0.263644 -0.638224 -0.170852
519 -0.223338 0.951867 -0.507203 0.228599 -0.621126 -0.175261
520 -0.217881 0.944833 -0.506366 0.227807 -0.645586 -0.180579
521 -0.20981 0.958864 -0.503854 0.218439 -0.640973 -0.163182
522 -0.207994 0.942963 -0.513544 0.214056 -0.644967 -0.169229
523 -0.193112 0.969716 -0.513911 0.199722 -0.64774 -0.168665
524 -0.185888 0.959488 -0.492175 0.225528 -0.636859 -0.186935
525 -0.17133 0.940239 -0.506261 0.21849 -0.644334 -0.163182
526 -0.180954 0.950563 -0.515754 0.195005 -0.643214 -0.157387
527 -0.191762 0.959603 -0.539788 0.205197 -0.667179 -0.153864
528 -0.168988 0.937217 -0.533737 0.18458 -0.667438 -0.184031
529 -0.194114 0.941647 -0.534265 0.188279 -0.671908 -0.173388
530 -0.166474 0.965256 -0.529173 0.191782 -0.682264 -0.192467
531 -0.17854 0.946556 -0.527314 0.193264 -0.672627 -0.172904
532 -0.185699 0.953363 -0.562724 0.214571 -0.686527 -0.19675
533 -0.157243 0.947728 -0.539266 0.225174 -0.689949 -0.210334
534 -0.166121 0.939835 -0.522263 0.245018 -0.68723 -0.201925
535 -0.152423 0.953912 -0.505608 0.225561 -0.667029 -0.194677
536 -0.15817 0.968887 -0.509082 0.238267 -0.657711 -0.195844
537 -0.152715 0.944879 -0.491043 0.22095 -0.65506 -0.186937
538 -0.165074 0.947237 -0.520328 0.217884 -0.67172 -0.191837
539 -0.14647 0.944055 -0.511739 0.215334 -0.645547 -0.206988
540 -0.159574 0.940905 -0.526858 0.229468 -0.642099 -0.198584
541 -0.144937 0.924189 -0.513955 0.220863 -0.648751 -0.201579
542 -0.122233 0.928448 -0.4941 0.233552 -0.636353 -0.182649
543 -0.132828 0.926072 -0.514827 0.218178 -0.650731 -0.195039
544 -0.130391 0.908593 -0.540341 0.258398 -0.650263 -0.188213
545 -0.1288 0.924331 -0.564448 0.240585 -0.650564 -0.21256
546 -0.134164 0.931673 -0.555929 0.255684 -0.630578 -0.228005
547 -0.132691 0.929519 -0.529795 0.248132 -0.640226 -0.205889
548 -0.1473 0.941786 -0.520238 0.226055 -0.638647 -0.235948
549 -0.129512 0.918643 -0.507339 0.235223 -0.634199 -0.24854
550 -0.130818 0.930659 -0.522414 0.221733 -0.610529 -0.254446
551 -0.123246 0.907176 -0.542084 0.246658 -0.623769 -0.260354
552 -0.129227 0.923921 -0.559032 0.240764 -0.624611 -0.24621
553 -0.126784 0.922137 -0.584498 0.247702 -0.650291 -0.236705
554 -0.11065 0.920739 -0.572844 0.251813 -0.648257 -0.243479
555 -0.134805 0.946351 -0.581525 0.237451 -0.666572 -0.230282
556 -0.143464 0.95837 -0.598505 0.221674 -0.650761 -0.212022
557 -0.139518 0.966811 -0.61238 0.232933 -0.668779 -0.239163
558 -0.15531 0.958362 -0.616379 0.234684 -0.658549 -0.250526
559 -0.161526 0.955423 -0.61735 0.237034 -0.656945 -0.244997
560 -0.154166 0.953674 -0.622738 0.231581 -0.669523 -0.246419
561 -0.156822 0.949152 -0.635193 0.228495 -0.646591 -0.233127
562 -0.163621 0.938332 -0.626307 0.227769 -0.652103 -0.236046
563 -0.157346 0.976888 -0.592902 0.200882 -0.618419 -0.234506
564 -0.186226 0.982446 -0.585467 0.200778 -0.575559 -0.242027
565 -0.180234 0.99214 -0.59454 0.217585 -0.600431 -0.223196
566 -0.189365 0.943946 -0.582369 0.220121 -0.609813 -0.228498
567 -0.179723 0.957927 -0.558794 0.216513 -0.598654 -0.220205
568 -0.201282 0.992093 -0.561766 0.245213 -0.593535 -0.203807
569 -0.194299 0.997644 -0.603886 0.223615 -0.581937 -0.201395
570 -0.183046 0.988814 -0.597659 0.198392 -0.588762 -0.188232
571 -0.16252 0.977721 -0.599729 0.180271 -0.606114 -0.174814
572 -0.149099 0.987628 -0.572161 0.167149 -0.619961 -0.191059
573 -0.167625 0.9927 -0.583377 0.158277 -0.598988 -0.130583
574 -0.151064 0.998183 -0.577605 0.150681 -0.60226 -0.133422
575 -0.127312 1 -0.547984 0.176527 -0.627406 -0.151432
576 -0.140401 0.987829 -0.548551 0.19864 -0.604792 -0.149677
577 -0.153121 0.973746 -0.532372 0.201406 -0.606096 -0.170063
578 -0.160039 0.985542 -0.531834 0.198295 -0.618822 -0.169374
579 -0.176063 0.994658 -0.555235 0.205231 -0.586876 -0.148992
580 -0.153755 0.992757 -0.53432 0.19638 -0.56657 -0.171205
581 -0.149427 0.98217 -0.497541 0.177244 -0.587009 -0.176434
582 -0.15131 0.964147 -0.514271 0.176236 -0.555665 -0.177495
583 -0.15913 0.976588 -0.491069 0.162608 -0.565201 -0.186632
584 -0.163168 0.981206 -0.505647 0.123307 -0.579418 -0.187128
585 -0.161799 0.970218 -0.498145 0.146845 -0.547668 -0.176992
586 -0.178184 0.982104 -0.480617 0.122757 -0.533567 -0.180816
587 -0.192379 0.971565 -0.480142 0.113057 -0.564051 -0.198479
588 -0.182156 0.99 -0.46807 0.136836 -0.554241 -0.187534
589 -0.158326 0.981587 -0.475755 0.127659 -0.542231 -0.201702
590 -0.19737 0.993055 -0.471613 0.161584 -0.515226 -0.21415
591 -0.155033 0.990509 -0.473702 0.170237 -0.507635 -0.175039
592 -0.16808 0.997866 -0.474876 0.139615 -0.495514 -0.179523
593 -0.195164 0.976653 -0.470263 0.140364 -0.502888 -0.194819
594 -0.178178 0.985548 -0.464499 0.146842 -0.512003 -0.203079
595 -0.16828 0.973037 -0.487406 0.154683 -0.520315 -0.189282
596 -0.160097 0.978176 -0.473953 0.115261 -0.544778 -0.21629
597 -0.146909 0.951488 -0.463223 0.115033 -0.536827 -0.200732
598 -0.122247 0.962459 -0.466511 0.14985 -0.519852 -0.21602
599 -0.125495 0.9416 -0.464801 0.14714 -0.533549 -0.212461
600 -0.0951214 0.940296 -0.452331 0.1454 -0.526771 -0.232045
601 -0.0801454 0.967675 -0.47079 0.14373 -0.544197 -0.251116
602 -0.106445 0.964575 -0.452315 0.176656 -0.519092 -0.267822
603 -0.101214 0.972381 -0.456672 0.1729 -0.49295 -0.250577
604 -0.116873 0.977614 -0.446862 0.168067 -0.505225 -0.250314
605 -0.114891 0.975093 -0.459309 0.165217 -0.511158 -0.24384
606 -0.131539 0.978037 -0.441908 0.187088 -0.49172 -0.226817
607 -0.137293 0.978388 -0.442824 0.158938 -0.511108 -0.216624
608 -0.149543 0.977713 -0.430936 0.176698 -0.53741 -0.200932
609 -0.150491 0.966584 -0.425564 0.158473 -0.542637 -0.214635
610 -0.164603 0.961402 -0.411574 0.171665 -0.552102 -0.197733
611 -0.156335 0.95463 -0.410524 0.175371 -0.586317 -0.209217
612 -0.158027 0.959067 -0.409269 0.186247 -0.591583 -0.190977
613 -0.168203 0.946515 -0.421809 0.196747 -0.563207 -0.187323
614 -0.210277 0.953054 -0.430512 0.199984 -0.572657 -0.213653
615 -0.1974 0.928022 -0.42185 0.192782 -0.574801 -0.225614
616 -0.184136 0.926216 -0.420202 0.194424 -0.559908 -0.214318
617 -0.206816 0.940487 -0.392682 0.208049 -0.577802 -0.212632
618 -0.217875 0.94811 -0.372646 0.184691 -0.572419 -0.211043
619 -0.199182 0.933357 -0.372581 0.151948 -0.578896 -0.210312
620 -0.210334 0.932373 -0.361578 0.153563 -0.588878 -0.215869
621 -0.230246 0.921597 -0.359597 0.174276 -0.570397 -0.216094
622 -0.216757 0.923067 -0.350098 0.147092 -0.575361 -0.208173
623 -0.177919 0.892426 -0.336009 0.158564 -0.559327 -0.212763
624 -0.189794 0.880354 -0.329332 0.203341 -0.576509 -0.228807
625 -0.189856 0.888543 -0.334841 0.17296 -0.550644 -0.236744
626 -0.195804 0.867296 -0.303001 0.179244 -0.570283 -0.254051
627 -0.197361 0.87275 -0.293135 0.184561 -0.5644 -0.270685
628 -0.217455 0.858553 -0.31192 0.164768 -0.572235 -0.285615
629 -0.226883 0.86563 -0.312087 0.157675 -0.569753 -0.251268
630 -0.241129 0.884928 -0.300392 0.154418 -0.576954 -0.273903
631 -0.210714 0.877954 -0.299208 0.120683 -0.599917 -0.278063
632 -0.205201 0.887626 -0.300223 0.12597 -0.572504 -0.28323
633 -0.221978 0.877877 -0.288559 0.137059 -0.565883 -0.271244
634 -0.209739 0.891433 -0.264311 0.14921 -0.584775 -0.286482
635 -0.208741 0.865427 -0.26344 0.173625 -0.562219 -0.264202
636 -0.189928 0.866316 -0.285295 0.176651 -0.539959 -0.291448
637 -0.161775 0.886239 -0.294751 0.177101 -0.54716 -0.275614
638 -0.166936 0.903277 -0.269244 0.180272 -0.578459 -0.287247
639 -0.164171 0.92875 -0.305103 0.183531 -0.594508 -0.29318
640 -0.2 0.904386 -0.328244 0.184846 -0.618558 -0.278891
641 -0.195091 0.89294 -0.306929 0.197435 -0.656951 -0.248232
642 -0.178358 0.903015 -0.330248 0.203647 -0.636307 -0.24339
643 -0.193515 0.884014 -0.327935 0.201493 -0.622197 -0.231252
644 -0.185594 0.906963 -0.31999 0.165143 -0.639719 -0.233313
645 -0.178497 0.890749 -0.321115 0.166203 -0.639573 -0.237686
646 -0.190074 0.910256 -0.304257 0.125659 -0.645427 -0.253885
647 -0.192935 0.881729 -0.297202 0.134566 -0.638066 -0.267698
648 -0.195246 0.919694 -0.301482 0.124068 -0.629716 -0.272151
649 -0.19857 0.900971 -0.270136 0.10537 -0.616415 -0.291981
650 -0.2074 0.912013 -0.274584 0.0963682 -0.588772 -0.313371
651 -0.210514 0.89519 -0.267564 0.0895951 -0.606604 -0.289126
652 -0.21425 0.898714 -0.271806 0.0823989 -0.609164 -0.283426
653 -0.194855 0.884108 -0.248373 0.0493644 -0.64875 -0.286548
654 -0.203026 0.887282 -0.25518 0.0553946 -0.667471 -0.272585
655 -0.190946 0.876994 -0.248365 0.0422273 -0.649865 -0.275587
656 -0.196308 0.864795 -0.25793 0.0358766 -0.643042 -0.285723
657 -0.202231 0.851658 -0.250628 0.0291082 -0.640737 -0.268467
658 -0.203854 0.849794 -0.245744 0.0318434 -0.644706 -0.280906
659 -0.201967 0.835619 -0.23128 0.0237769 -0.644739 -0.295487
660 -0.179803 0.818817 -0.229579 0.0103266 -0.638593 -0.264629
661 -0.202322 0.814966 -0.247081 0.0262494 -0.636115 -0.275918
662 -0.210983 0.817423 -0.239483 0.0556333 -0.631373 -0.252379
663 -0.185768 0.793332 -0.217823 0.0339265 -0.639943 -0.298403
664 -0.179409 0.799688 -0.232427 0.0183668 -0.629185 -0.293358
665 -0.183133 0.80223 -0.21152 -0.00857604 -0.637583 -0.29123
666 -0.174244 0.802237 -0.245166 -0.0282464 -0.630338 -0.275821
667 -0.161902 0.797677 -0.228298 0.000317268 -0.645792 -0.294074
668 -0.143465 0.787242 -0.223883 -0.0308964 -0.681002 -0.302767
669 -0.127029 0.808304 -0.209129 -0.0128572 -0.689196 -0.324629
670 -0.113351 0.814579 -0.210586 -0.0237819 -0.69691 -0.309206
671 -0.124402 0.806951 -0.216547 -0.0348699 -0.724937 -0.297069
672 -0.133311 0.83166 -0.178982 -0.0306943 -0.693268 -0.309878
673 -0.144794 0.804091 -0.174894 -0.0446848 -0.708215 -0.305582
674 -0.106379 0.805858 -0.16857 -0.041793 -0.718938 -0.29545
675 -0.142189 0.810467 -0.180319 -0.0265445 -0.727833 -0.280009
676 -0.141602 0.833188 -0.18112 -0.0471143 -0.730389 -0.306101
677 -0.123675 0.851756 -0.192583 -0.0514375 -0.719138 -0.314392
678 -0.116049 0.827646 -0.179961 -0.0465752 -0.71995 -0.312693
679 -0.146513 0.853036 -0.168686 -0.050184 -0.71839 -0.301105
